1.062492744910955662e+04
1.363320944189370857e+04
-1.653405048214737690e+04
-1.564607520519340505e+04
3.462655185642408469e+04
-1.245224731507162687e+04
1.668113765641132195e+05
-7.418375712218495028e+04
-8.495650165142227706e+03
6.225408877258347638e+04
-7.490343982859610605e+02
-4.930488393276071292e+03
-1.645439257797653408e+04
6.537799206796392355e+03
1.559836314135193243e+04
-3.440558403227140661e+04
5.473657560835212280e+03
-2.295501160689642347e+03
2.680124369208199823e+03
-1.265389013963512980e+03
1.073034281141037127e+03
-6.844788124163577777e+03
8.921933681126265583e+02
9.373695858560513443e+03
-7.582261928072718547e+03
-9.838692521640334235e+03
6.689583144331278163e+03
2.192954851805031467e+03
1.695927879766924434e+03
-4.199276787204921675e+03
4.563714878302106399e+02
2.317866312760591882e+03
4.509923248384970975e+03
-5.794019219381885705e+03
-1.102998303491738170e+03
-4.750177617995504988e+03
1.081500977186633827e+04
-2.369043537821882637e+03
1.921181112079817922e+03
-1.143727583160052927e+04
2.181243564243803121e+04
-1.944955385357729483e+03
-3.478230291472516910e+03
1.491827155624901252e+03
5.699936329684943530e+02
6.806672036582938290e+01
-4.181986023100702141e+02
-1.033835036508217087e+02
1.761901970179448540e+02
-2.266086246968170403e+00
-2.631071911511253347e+01
7.097554226133998334e+00
5.862928134050193307e+01
-4.374505296244519315e+01
-7.682994497481842266e+00
7.004361335260793453e+01
1.270522431222365611e+01
-4.733457951625625526e+01
1.217521904939521615e+00
3.500593148882857975e+01
3.209704221462348350e+00
-2.875156114976252297e+01
-8.443923299171435248e-02
3.715742363477738763e+01
-3.997862725419771834e+01
6.012613190641197747e+01
2.572129080496447884e+01
-3.689080768204302530e+01
-3.355745775107326079e-01
1.081417375846662665e+01
6.193020254894289423e+00
9.528799006016322792e+00
-1.613163886550797699e+01
6.284761784540350504e+00
1.669263546832423373e+01
3.493335524421754990e+00
-5.224757072575449968e+00
-1.222794276776266287e+01
1.184217318439297095e+01
3.632079607667626053e+00
1.606531032652567248e+01
-2.031448496219201871e+01
-9.268992769867625547e-01
2.052794296085312098e+01
-1.164481832720265331e+01
2.628483041588233426e+00
1.256768562654744237e+01
4.398795405626491295e+00
-6.395062613751824721e+00
-8.246227501954695782e+00
1.369947089069798274e+01
7.648136285690162239e+00
-7.966808411857857486e+00
-9.561854571019227933e+01
4.693409466117270767e+01
-1.302474882202113449e+01
5.175122989419996600e+00
-5.475906029026856636e+00
5.382875011934446619e+00
6.621961637607886253e+00
3.316374157003180834e+00
6.538664483397410798e+00
-2.865755318589016110e+00
1.516384306588354569e+01
-5.559481113825494702e+00
-4.215057216381501881e+00
-1.494490772529139555e+01
1.253394428176795827e+01
1.101050502504021011e+01
-2.592985639985732060e+00
-4.037995448658546760e-01
-2.619707062325171254e+00
2.042607307289502216e+01
-3.938950243979588706e+00
-1.479906057439676026e+01
2.134448158888160307e+01
1.948423361792152875e+01
6.319979891218554080e+00
-2.886505862712885673e+01
1.918645154606378611e+01
2.376371725327629747e+01
-1.084267425355398373e+01
-8.616686260859998114e+00
-1.619551398736824410e+01
2.943980649165346364e+01
-5.121497279150416526e-01
1.056735283002071490e+01
-3.886324875023515979e+00
