1.218368698103635254e+11
-3.915661948542407990e+10
1.774137382222865677e+10
-2.192339778103114605e+09
-7.396677207793045998e+09
6.727350920791918755e+09
7.064858283191162109e+09
-1.247174091945468330e+10
5.107000742079201698e+09
-1.802051767896636963e+10
1.833465082631401825e+10
-4.020864629933867645e+10
8.857117532734773254e+10
-5.241013586413623047e+10
3.184139568216230469e+11
-6.887699558827468872e+10
-1.941294330713993225e+11
1.287910380929395103e+10
8.682438390388079834e+10
-2.285318738575086212e+10
1.590248278177558184e+09
-5.413613219412082672e+10
5.191001488341667938e+10
-1.863509066750592422e+10
3.304004243773908615e+09
-4.846751589430395126e+09
7.082137039385081291e+09
-1.413535177957599068e+10
4.423551175122866821e+10
-1.700595349934982300e+10
4.739504033735069275e+09
-9.985059209624101639e+09
1.705699202447743988e+10
-1.134581881348073483e+09
1.112200450748355865e+10
-1.353849877990357399e+10
-8.453969417802566528e+09
4.972122935988266945e+09
1.609031139248660278e+10
2.941993748160103321e+09
-1.079254213116466904e+10
9.961094374183366776e+09
4.675014997453203201e+09
-9.199930191013891220e+09
2.651140493430899143e+09
2.227354790562914371e+09
2.712592598576965332e+09
-6.144610745276939392e+09
2.520946551952247620e+09
-1.522704782381747961e+09
1.094374136248936176e+09
-2.891603706945333958e+09
2.340541108960068226e+09
-1.616888422466490269e+09
1.149478083633521795e+09
-5.121644544955130816e+08
1.757509520801253796e+09
-1.207134559965039253e+09
-6.184689953220710754e+08
4.784792746634706855e+08
1.855136624982463837e+09
-2.918647466955954432e+08
-2.341365844928665161e+09
2.906408915412035465e+09
-4.691659253175816536e+08
-3.322372840618006706e+09
-9.942501269951812029e+08
2.258431348576528072e+09
3.290185888619044781e+09
-3.240666763184183598e+09
-7.237592813812559843e+08
3.258614170748719573e+08
3.251501483839984894e+09
-7.750361776682608128e+08
-6.849113577677842379e+08
-2.661054493146376133e+09
3.776690718128684044e+09
-5.012266689985995889e+08
-4.374830498621828556e+08
1.859394262012170553e+08
6.469505045846351385e+08
-3.422083911413403749e+08
-8.075468296096347272e+07
-1.945557430767739713e+08
5.272111601593723297e+08
-2.664281273899040222e+09
3.342939311489602566e+09
-8.947801262080129385e+08
-2.591728085242629528e+09
1.192982868115510046e+08
3.716049543470836163e+09
-4.752140411788456440e+08
-2.985478160427183628e+09
7.424621212561774254e+08
1.674999663460038424e+09
6.738990845748358965e+08
-9.071985630062267780e+08
-1.724157904907951355e+09
2.145508328359580994e+09
2.985992459371747494e+09
8.779899139381607771e+08
-4.225781385633598328e+09
1.273775417381394768e+10
-9.169959668863067627e+09
-2.404571626493704796e+09
1.430569448900376797e+09
3.117393265462313175e+09
8.660892002389581203e+08
-5.143843706552353859e+09
-7.451920154810381889e+09
8.267053596492752075e+09
-5.488191409078024864e+09
3.035745988413532257e+09
-1.934704294632340908e+09
3.013459143199236870e+09
-3.198414559629161358e+09
6.257400211989653587e+09
-1.931965311470026731e+09
-7.949983212866306305e+07
1.470689469679917336e+09
1.745622431053110957e+07
-1.083700576269693136e+09
-2.182089511310273170e+09
1.947308069229973316e+09
2.773549074766339660e+08
1.494261010711301804e+09
-1.292671246195895576e+10
1.033270851290968132e+10
-7.834639966403706931e+06
1.830186873687204123e+09
-9.329944258584589005e+09
3.349830420668241978e+09
3.281455422785822392e+09
3.621983787136714458e+09
-1.662863094981075478e+10
-5.020377621319519997e+09
4.312992947861377716e+09
5.682639233454819679e+09
-1.521802988226695442e+10
-8.946010737580869675e+09
5.625505216247633934e+09
-7.932423448474246025e+09
1.951433139696313477e+10
-9.748705310740911484e+09
9.849535899288112640e+09
3.399197435286142349e+09
-3.425784183511268139e+09
-2.776135151872287273e+09
2.762700438257798672e+09
-3.486009213961977959e+09
8.093623270779684067e+09
-8.073162950335170746e+09
5.698086146420055389e+09
-1.352741970538912773e+10
6.994517029525826454e+09
1.004615773931417465e+10
1.021198006323674393e+10
-5.895418447847460938e+10
-5.113695575560767174e+09
5.338559939833354950e+10
-2.399571576178034973e+10
4.408017397453932762e+09
-2.354643928309630203e+10
2.432510233981267929e+10
-4.471315612883154297e+10
2.524571372122647858e+10
1.599390662847129822e+10
-2.396006006187092590e+10
-8.353022384276863098e+09
1.394406813477324295e+10
4.244554589769635350e+07
-1.940891360741778374e+09
9.924714233833072186e+08
-5.917613755869859457e+08
1.370182612513078451e+09
-5.764113245754460096e+08
-4.049854562314310074e+08
5.950027059878066778e+08
1.343876184567492604e+08
-2.450358618586722314e+08
1.331871497553623915e+08
-3.906383899860192090e+06
-1.056628478111189753e+08
-4.493185746011418849e+07
1.143354464624137133e+08
-3.270665894062105939e+07
2.354365672740962356e+07
-1.009636494930996746e+08
1.892145237517498434e+08
-4.156168800301252399e+06
4.684654603300851583e+07
-3.191933120314655080e+07
-6.212790494198801927e+06
3.056448322488814965e+07
6.961231769582360052e+06
-3.667711960377158225e+07
-3.010254806128830835e+07
1.030611335368621647e+08
-3.911836159639994055e+07
2.341515840419994295e+07
-1.757056406376548111e+07
1.915639990570985079e+08
-1.511758977325605750e+08
3.738850047187673301e+07
-3.958065359770431370e+07
8.607672274107855558e+07
-2.535184371300303936e+07
3.631941528934271634e+07
3.633800312185809016e+07
-1.015016583854826689e+08
1.002563518112052381e+08
-2.355798664462343976e+07
-2.786397069656769037e+08
3.660588202609205991e+07
-6.421364113485042006e+07
5.674415048154176027e+07
1.859563092467605136e+06
9.293513355961304903e+07
-5.056549736171299219e+07
-4.000253921978676319e+07
2.912663498496416211e+08
-3.854314823364470601e+08
6.021465733035318851e+08
-5.901793871266986132e+08
8.077829626068822145e+08
-7.292441295349445343e+08
-1.238804502624730110e+09
1.115339972229698300e+08
1.346517531544970870e+08
1.952178288116027713e+08
-2.824763967462211251e+08
-2.116745691066995636e+07
5.768809898810497522e+08
-3.440684771789419651e+08
-1.019823173932220191e+08
-5.162285783058370352e+08
3.684496680455555320e+08
-8.573439900960166752e+07
-1.363366850182749033e+08
9.085440431804199517e+07
-3.019475808924571797e+07
1.316090589648983628e+08
2.201814440810615569e+07
-9.656265814800648019e+06
-6.145967034288002551e+07
2.668460493116866797e+07
3.046731412469613715e+05
1.951747575884270296e+07
-2.327347548162713647e+07
-4.642248995594804175e+06
3.156092381043563783e+07
-3.692311947892656922e+07
8.460467609883187339e+06
8.023394586562545598e+07
-2.202518029080819786e+08
2.647112393308119178e+08
