-5.737077965937736224e+00
-1.960149639981352720e+00
1.225669403696371695e+01
7.929367244106020784e+00
-3.178930975384514568e+01
-1.108254896240778287e+01
6.595077845606364519e+01
-1.726117382370453157e+01
1.982229773377933046e+00
-6.623546268119667957e+00
2.588892500960664123e+01
-1.327437933958703020e+01
2.965618957631673158e+00
-1.430378903737644514e+01
2.766430006329077074e+01
2.496605586041546754e-01
-2.533552583835878003e-01
-2.731320230463050436e+01
2.735819899532841504e+01
4.175453294466687737e+01
-2.726838178303839655e+01
-2.451298251997318189e+01
-9.488572444449371091e+00
7.004294919195753266e+01
-8.591367807593331918e+01
1.697192114877794467e+01
3.329972375487572744e+00
1.416355241607839544e+00
-3.727274133377624565e+01
5.451040597269374288e+00
6.180977405148779802e+00
5.964829553799674500e+00
