-4.209362221521172614e+03
1.187396907383652405e+02
2.289174883501580553e+03
1.889844238530173925e+03
-2.148436731284486086e+03
-3.957879941196769096e+02
1.215672101266144409e+03
-4.640980576802038513e+02
3.510645819123990918e+02
-1.355491564931614619e+02
4.948363223243616460e+01
-2.587897733290784430e+01
1.371379900193287504e+01
-3.355449687066862907e+01
7.302883004199507866e+01
3.333899891484607281e+01
-3.980249699672020114e+01
2.622946925770789051e+01
-2.172080057638317996e+01
3.458691013391182878e+01
-4.329644794115252182e+01
-3.298033046423526571e+01
2.372123135071126754e+01
5.089772565865337839e+01
2.088938199838995757e+01
-4.738319189074987037e+01
9.931944602085229334e+00
3.429039701434756005e+00
2.981477650430437976e+01
-1.166496972351422556e+01
2.534147402575978592e-01
-1.182883705828477972e+01
4.101127004561961087e+01
5.157614479713574784e-01
-2.651278007128801661e+01
3.280482695922452230e+00
-1.696184845425503518e+00
1.525648827037713495e+01
4.629168655848260316e-01
-2.023697182414248985e+01
3.795006541326957716e+01
-4.558143816939635684e+01
1.737925009681478627e+01
-5.079052258758933291e+00
2.091840751343294613e+01
-2.734181988216808534e+01
5.256618959156438287e+00
2.082270530160844402e+01
2.514998131972959516e+00
-2.539981487647344238e+01
1.229669918844901133e+01
-2.875473386795414310e+00
9.391816455803200014e+00
-1.750752381697364868e+01
9.857956704301319706e-02
1.645024382061191659e+01
-8.052430650107561760e+00
-1.006716527723425614e+01
-1.131479359898658821e+01
1.027007507375986783e+01
5.392272098955476167e+01
-1.952745457630553361e+01
2.572125834123589172e+01
-2.414589443258464740e+01
2.602797689542204651e+01
-1.934257788413834334e+01
-9.196928194896724307e+00
1.979996652222908438e+01
1.105889367364174269e+01
-6.198985468102431007e+00
-8.789525055200622106e+00
-2.015141832673391864e+00
1.942653299702813285e+01
2.223882938983853208e+01
-1.837405192685494626e+00
-3.169377320360317274e+00
6.116400581330723618e+00
5.244248981296201428e+00
-1.054356821580484116e+01
2.226486203734888392e+01
-1.265770085231064357e+01
1.665397521647154022e+01
-2.704261737467052740e+01
1.511574985944296579e+01
-2.070195755919973379e+01
2.039952433780660002e+01
2.425420204228386556e+00
1.258902614507689321e+01
-3.029602696160349140e+01
4.013619820306569608e+01
-3.378074111259108747e+01
-6.467702886746725000e+00
1.703129464454317343e+01
1.813397841499931884e+00
-7.909154409062848501e-01
2.653897064258043947e+00
1.144344809658191764e+01
-2.212935812359420495e+01
1.961874355769617750e+01
1.308942975865359237e+01
-7.430507783161164781e+00
-2.254516737014279570e+01
2.596677763497604374e+01
1.022727074240942891e+01
8.649537183876487845e+00
-2.406674399704521861e+01
1.348707676354384688e+01
1.791618485460439913e+01
6.446661618822757234e+00
-4.209975547126150630e+00
-6.239977871119333663e+00
2.510184152026921023e+00
1.040796755221680314e+01
-5.628229855381561286e+00
4.060891750276769407e+00
1.045076341602020698e+01
-2.161065651418281330e+00
2.463079222880130814e+00
-1.561766867691275174e+01
1.381032731519216483e+01
-1.184191210798023697e+01
3.289837008974924704e+00
1.141604793231918791e+01
1.662936687120835799e+01
-2.944646713212959455e+01
3.135012576652391303e+01
-4.311836766045242086e+01
2.482575447208039421e+01
-1.469399111298312732e+01
5.458609308680664185e+01
-4.162177142693650467e+01
1.194919360484078119e+01
9.749061562966968353e+00
7.552912426227508469e+00
-1.152627305853889439e+01
1.229722055139424519e+01
9.967441024329728450e+00
-2.108310441905009824e+01
1.025378663532200818e+01
1.811727613129570003e+01
2.820734214723327193e-01
-1.505033490430049170e+01
-1.169619398361480300e+01
2.339670702003801495e+01
9.764162157823216504e+00
-2.149327283077626305e+01
-6.918710948973305186e+00
4.540877483577553875e+01
-1.571568162541804625e+01
1.178967195215721731e+01
6.590843416524129417e+00
-1.384863868930247861e+02
7.477189827456666649e+01
1.000675451831506422e+02
-3.317063800251096239e+01
-2.109470965115410124e+01
-1.361992012050026624e+01
1.025801593071587945e+02
-2.653069718739419258e+01
-1.994282681906969046e+01
2.281396460306259311e+00
5.224394754039361288e+01
4.229636875257738637e+01
-5.353674573578467744e+01
-8.026163832810591714e+01
1.051592419701002825e+02
1.143171513012677138e+02
-1.648061364168661953e+02
-4.037095167931087758e+01
1.614358707364636132e+02
-5.223146424188308146e+01
-4.288465905893010444e+01
3.557545923576633129e+01
6.090017986554498108e+00
-5.687688833506532760e+00
9.397199911800667493e+00
-9.763463998087066331e-01
5.958997885912570958e+00
-4.294060513950746127e+01
1.130902946605218418e+01
2.175790065157771735e+01
8.327522547289687438e+00
-1.596844624998823114e+01
1.065676380338923934e+01
4.480217072535902290e+00
-3.721347392654071484e+01
2.778738590165700373e+01
-1.600536346023845979e+01
2.610059170833201136e+01
9.379832993788452811e+00
-4.322717067859029072e+01
9.099796573387840226e+01
-9.010867778047584764e+00
-3.716834509772561290e+01
4.700399709144576121e+01
3.415655682707653114e+02
-4.722574885351617269e+01
-3.675952336712808233e+02
1.644299195243977465e+02
-1.321361695203732722e+02
1.644634959368322882e+02
-1.363347772098599648e+02
8.970562210770016520e+01
5.194174563175727677e+00
4.689137934342098646e+01
-2.867794128844797896e+01
-5.132012126577334410e-01
-6.931102323730438286e+01
5.594183554373953626e+01
-1.381416848974702418e+02
4.207480154358727873e+02
1.140575627261911649e+02
1.062054096699514929e+02
-2.831534415229548358e+02
4.869341077576240195e+02
-2.044862083169659286e+02
-1.185617221184716641e+02
1.060510720792634402e+03
-2.401243666737488638e+03
7.982980176742561298e+02
1.752072504168633259e+03
2.375357003019523745e+02
-1.677242545865003649e+03
1.199309686732644309e+02
-8.637906805306406568e+02
1.901972607040008825e+03
-1.109012784539677568e+03
1.293999955078133326e+03
-4.394038812599586095e+02
4.370987470196843105e+02
-8.835597990519208906e+02
1.553260751546301208e+03
-1.119030820818510847e+03
2.462002712834590454e+02
-1.613190403333599306e+03
6.019591399748492222e+02
-2.432930327095153018e+02
2.130273999854436795e+02
-4.558113475087093320e+02
9.917244352608587405e+02
-7.154559317255497319e+01
-6.785382617553539149e+02
-9.854933822569360018e+02
1.271839738703337616e+03
9.593272395313648531e+02
-3.250780721629124059e+02
-2.314511499526331136e+03
2.909470769573232701e+03
-1.940550279883236044e+03
-3.409501981135620554e+03
7.872390441688266947e+02
2.371933863237044875e+02
1.383847676634740083e+02
-1.304205898372832962e+03
1.353386596949475006e+03
1.603075523823436470e+03
-5.293557745349841753e+03
7.632324729191635697e+02
4.652383556167126699e+03
6.792154201889475473e+01
-5.610194578832434672e+03
1.852896261768482645e+03
-9.048554015558702304e+02
2.164115819771779570e+03
-2.986395341210093648e+03
-2.969407315129880772e+03
2.499517865008488116e+03
-1.938885435520320925e+03
-1.565836077667492418e+03
2.550427885713751948e+03
2.174366393512188097e+03
-4.877632493922325921e+03
-2.983194232090332662e+03
1.115514714615644607e+03
3.187864654471506583e+03
1.461589744690881707e+04
-8.549899072013733530e+03
6.076165575821781204e+03
-7.557035018198609578e+03
3.444517206992859428e+03
-5.895029177857668401e+02
-1.939149628911293917e+02
-2.608493906390990560e+03
2.039381434286460717e+03
-5.465718485462240324e+02
-1.103846208796632254e+03
8.254857723500549582e+02
6.426220788352150066e+02
-6.397162930159992129e+02
-6.639093189077389070e+02
6.777530129540183452e+02
6.015861779137826915e+01
-5.293679316601269420e+02
-7.125563186067275865e+02
9.578591050710188028e+02
1.675368252757586518e+01
-1.885484304967076596e+01
-8.037936899405444535e+01
9.880072271471239276e+01
-1.079173329447448708e+02
-5.434514316619282681e+01
5.451327996936608855e+01
-5.057630540438744760e+01
1.836077336606767858e+02
-2.805095542172595628e+02
4.585987633885950743e+01
-4.753067466205809666e+01
-2.466156475125960696e+02
2.524096214934720876e+02
-5.353693442466596508e+00
-5.276893821656416073e+00
2.704741672952245324e+01
5.514928150739007995e-01
-1.319578327757680647e+01
-1.584934400724028869e+01
3.156599544895974319e+01
-1.817806253476278000e+00
-1.491847532508951879e+01
8.969108870236878417e+00
2.771968464601754167e+00
4.425620596670302831e+00
-6.738011065932440147e+00
1.972386468285500172e+01
-7.215963560874754990e+00
5.038490248814684769e+00
-3.572464731383815462e+01
3.516011934051859100e+01
2.583902509210930454e+00
1.929597001462589612e+00
-9.829838308071970232e+00
2.111566878661374602e+01
-1.260196887199909810e+01
1.005444905981151660e+00
1.180923351355453121e+01
-6.888315047135372460e+00
1.015559086715871295e+01
-1.237711180667716881e+01
2.442917329483972111e+01
-7.799707735610460269e+00
-1.666143903634108625e+01
4.334043205695842715e+01
1.114002420820523476e+01
1.003507735947771806e+01
-4.890568257775025529e+01
1.285513237979794887e+01
5.304302039826588100e+01
-5.485672426694611659e+01
3.320441878819698189e+01
2.229348461669698978e+01
-6.386092249512879349e+00
-1.900618654436406629e+01
1.534052429142469443e+01
-3.676653421030781299e+00
1.296746959063713511e+01
6.550995462992034390e+00
-4.721776917413383678e+00
1.176310376411203151e+01
-9.277973120848800326e-01
3.949578871196609331e+00
1.105325811708667949e+01
-9.239933566195055903e+00
1.324413485757798048e+00
1.592282144678073763e+01
1.518221865825066530e+01
-3.976822864334658192e+01
-5.063276089530396540e+00
3.973212137338101968e+01
-4.069036484672570175e+00
-3.061695595016745930e+00
2.276679305022516431e+01
-2.510188341543587498e+01
3.046500337533699643e+00
-6.839093272217430020e+00
1.747793013215276048e+01
-6.178757197319999506e-01
6.948846131106465762e+00
-1.303444510952301272e+01
3.851291144805583855e+01
5.432698820154382879e+00
1.043249002427616645e+01
-9.461827337220245226e+01
4.368260194621952763e+01
-5.019484022024935399e+01
3.036104557877567913e+02
-2.970542171575635848e+02
6.059282128870698614e+01
-2.235686865886152361e+02
4.940600913586771412e+02
1.655475538769503601e+02
-3.097106719425455026e+02
-3.547170643967277783e+02
4.806092309860434284e+02
3.782143407787935985e+02
-5.588458687740285313e+02
2.965387215192416193e+01
-4.253057442501062724e+02
6.938519907494221570e+02
-9.801293674420644493e+02
3.051627839202295149e+02
-1.886585355720455226e+01
-4.083988409092195404e+00
-3.505919862603827255e+02
8.620259095834377661e+01
-7.183058223497084782e+01
1.387386408348706652e+02
-9.263974265564783650e+01
2.456866133969804622e+01
-9.800198837534179575e+01
8.543905536337221918e+01
5.111066323782801568e+00
1.387545626872593196e+00
-8.190678010532958808e+01
7.331777436347451271e+01
-1.594482769307327796e+00
1.753200104520195168e+01
-2.892150753181122624e+01
-4.541256261976769792e+00
5.191636569273850199e+01
-1.828480757938079648e+01
3.016384166302379555e+01
-1.389089884679513709e+01
2.286825549503017996e+01
1.207313096657473217e+00
-1.908755698622948360e+00
6.473404154792194554e+00
1.243062390648692173e+00
8.978318668380335765e+00
2.248662859487047250e+00
6.353848989471243769e+00
-1.246202770116616243e+01
9.145495311511998793e+00
2.478935681775518773e+01
-2.040656612314820251e+01
-3.074345069831649013e+00
-1.505759149814666908e-01
2.090948075788270089e+01
-8.366267968892705298e+00
3.110052793194368004e+00
2.662123138289344482e+01
5.603019082570911635e+00
-2.005520299697712616e+00
2.512846476984272215e+00
7.869149412644957486e+00
-2.174197094724366952e+00
-2.298061089201243234e+01
1.315174626642693134e+01
3.592830477332764616e+01
-1.299364563659891303e+01
-8.226799024817123041e+01
9.618121569129796455e+01
-2.747431675427448994e+01
1.871330595721917689e+01
-5.447438530358405728e+01
7.188632757464652911e+01
-1.761460524370673113e+02
5.697982858402271944e+01
6.593576914061777927e+01
-4.919778830464661468e+01
1.249282564814817107e+02
-9.978529012048069546e+01
-4.523991572649022075e+00
3.798819608846677625e+02
-3.851843273502995544e+02
-2.598906690243823050e+02
-5.220794114390704408e+02
8.321236142432029510e+02
-3.536239769857208870e+01
-3.403518324781296656e+02
-6.271203726281871127e+01
2.896244463138427250e+02
5.099800937353077046e+01
-1.543206361754464524e+02
-4.920899794175676334e+01
1.603783478982467159e+02
6.926725883330753675e+01
1.027367879114034821e+01
-2.167933009077176223e+02
6.637457691058541513e+02
-7.417811445782865576e+02
2.659416440547212915e+03
-2.489367209026243927e+03
1.077319643263668780e+02
6.266787287230814627e+02
-9.744500902800665472e+02
3.203309263119527941e+02
-8.403834745606777687e+02
1.169437988094930233e+03
-5.276569892625244620e+02
7.369461412380738921e+02
-2.268390383331860960e+02
-2.500624680946210390e+02
6.728009246317650849e+00
4.015883985153047320e+02
-1.525357762498670979e+02
-1.524029268362878895e+02
-8.753050423527074742e+00
2.898090460095017988e+02
-8.626167912038718555e+01
4.521369244796167663e+01
2.226861232507732069e+01
1.165281308103594426e+01
-4.372533277064527368e+01
4.750828352445360281e+00
5.922884516437289193e+01
-2.231051201909938797e+01
9.045126533206307329e+00
-1.518599885787571102e+00
5.764881298075953708e+01
-4.227677260579204699e+01
7.803213882223361431e+00
-1.266015127576763355e+01
1.985932939557394050e+01
