-2.796948691300873179e+03
8.037284892082622889e+01
1.519606324032053180e+03
1.260255467219403499e+03
-1.428789782330576600e+03
-2.673937274550571033e+02
8.133745924087662615e+02
-2.915169324811163278e+02
2.366840762875692405e+02
-9.622097546858289263e+01
3.750109197463162758e+01
-1.465058933272956310e+01
5.420683266590762273e+00
-1.974077791636543111e+01
4.719200464343414581e+01
2.462925191306243633e+01
-2.635496467470508719e+01
1.913452546901137907e+01
-1.532329102953284305e+01
2.822756721561113480e+01
-3.588848806854282003e+01
-2.781382241135236555e+01
2.131453616621732650e+01
4.257645967265302289e+01
1.952093664373502335e+01
-3.999842061935417803e+01
7.817015093349423793e+00
3.272730139582504361e+00
2.731276762137640546e+01
-1.009362591656443264e+01
-9.499576275863882424e-01
-9.571478736850398406e+00
3.656486889342200186e+01
3.817720922776342007e-01
-2.409188821629018307e+01
4.734616912516354859e+00
-3.057619598271966943e+00
1.538190230229183442e+01
-2.660708738759928194e-01
-1.207336405510304189e+01
2.599912239438246075e+01
-3.139916985112267511e+01
1.247237811737247348e+01
1.929535988697510251e-01
1.436246305749454422e+01
-1.925733355539015434e+01
5.711608005151686207e+00
1.697980681511293000e+01
-9.039998261265470569e-01
-2.072849264201608221e+01
1.268507639908060192e+01
-1.434715228983952651e+00
7.432312949387682721e+00
-1.716691749002391632e+01
4.274715513912202836e-01
1.561218697350291329e+01
-6.806508707106787348e+00
-9.657205958798460443e+00
-1.002411434911247312e+01
9.626022981526773492e+00
5.085126365444015306e+01
-1.755439682071514795e+01
2.178646584170033762e+01
-2.244005625140596294e+01
2.522283464009568377e+01
-1.417098250300132456e+01
-7.931828977995834862e+00
1.349456433043987325e+01
1.278549205275160361e+01
-5.750892358728638243e+00
-9.723856270796416013e+00
-3.538601926195004133e+00
2.102715817751313310e+01
2.378251981410864957e+01
-1.329900680310326821e+00
-4.140057483048092735e+00
5.277598749674153211e+00
6.603746331893376897e+00
-9.943345167809857443e+00
2.014541398438125341e+01
-1.015906776153923374e+01
1.500841975208635404e+01
-2.741243517491264470e+01
1.543713096981875843e+01
-2.067510565646956167e+01
2.060114582292213115e+01
2.409215903168245188e+00
1.304331387764799643e+01
-3.138162268551501199e+01
3.980044484561950924e+01
-3.435996501896315181e+01
-6.026709693155588354e+00
1.914034993588591860e+01
-8.302942473081437180e-02
5.764770219590800160e-01
1.117729497812669504e+00
1.301078398376697542e+01
-2.086269494283735071e+01
1.857427143984860862e+01
1.071996631348695850e+01
-4.862223567034629212e+00
-2.172720742923762316e+01
2.548131554403276766e+01
7.985477794448583744e+00
8.855879841313365475e+00
-2.246879990069304256e+01
1.377018861532307525e+01
1.605244754831223375e+01
5.944005067381445961e+00
-3.745010960822572788e+00
-2.293449785661906049e+00
1.978829209059608241e+00
7.899587084397817094e+00
-2.376209866160421846e+00
2.920552919565541750e+00
5.655701698320743098e+00
3.037770522755276481e+00
1.944209825907187383e+00
-1.276528411045887168e+01
1.225348556585472259e+01
-1.136971388373523340e+01
3.641371574217556084e+00
1.176115834539483274e+01
1.635007173355461418e+01
-2.944612904469353154e+01
3.017403282225009775e+01
-4.210757741893016970e+01
2.811945510776268264e+01
-9.737702929929401563e+00
3.944551745785024366e+01
-3.929484087770047296e+01
1.834068352841958216e+01
2.699320674167133394e+00
6.083162969446664015e+00
-4.282855756561930960e+00
1.727991837279563114e+01
5.510791113082391668e+00
-2.446388263061795953e+01
1.075937293053040555e+01
3.953805282349858174e+01
-1.048554514813875116e+01
-9.495365656170593027e+00
-4.136259151829852243e+01
2.833730918169797874e+01
2.880858834161281834e+01
-1.719424104456970781e+01
-4.117629827790014474e+01
-3.249394020854776244e+01
6.774773592964707802e+01
-1.369741837360882286e+01
-7.541917477145933191e+00
1.064472703656401933e+02
-4.162907940753880354e+01
-8.273043043416281250e+01
2.420220340247674073e+01
4.073709942660848782e+01
2.732989965835076163e+01
-1.333072826219882643e+02
4.944423049323734176e+01
1.397536533143720661e+01
2.795327611306046567e+00
-4.596635413983480589e+01
-2.040981618060499514e+01
5.101305946215813947e+01
4.311397239272584159e+01
-7.094366174386348689e+01
-7.833541204368371424e+00
3.765714499443846108e+01
1.172842668912021225e+01
-5.675006249644592771e+01
4.421607553556151515e+01
5.562302864784572165e+01
-1.648217595354602238e+01
-3.484430122022021070e+00
4.646120708629281282e+00
1.029619534092444511e+01
-5.756201375352000271e-01
3.231710531944520515e+00
-3.728766201019804782e+01
1.134162229802156396e+01
1.971982672522204894e+01
8.883468592620033633e+00
-1.581118205010883315e+01
9.732864419464785755e+00
4.411922616224512872e+00
-3.183328921805658851e+01
2.402711847134571244e+01
-1.395751634869221292e+01
2.492185797347316267e+01
6.988672545689828652e+00
-3.452948748949548019e+01
7.836689365958710596e+01
-6.956251236244805902e+00
-3.249605440451315275e+01
4.119671159327184995e+01
2.944423018074202218e+02
-3.940146585421754111e+01
-3.168289042978954058e+02
1.430117957771930151e+02
-1.155195215365982051e+02
1.460594243895192506e+02
-1.189524676606887255e+02
7.643454242902960516e+01
4.951053912988909289e+00
4.178347594366271522e+01
-2.402179451858440729e+01
-4.866383109498625958e-01
-6.255684928445079862e+01
5.002275884630081748e+01
-1.230480679094527687e+02
3.761217867598144267e+02
1.015015435197901326e+02
9.788271509065130260e+01
-2.541821264562937017e+02
4.363420048150113644e+02
-1.874828145845358165e+02
-1.012265542970806962e+02
9.474505422620777608e+02
-2.143605902096322097e+03
7.116882583700468103e+02
1.564628595449732757e+03
2.117561467959034189e+02
-1.496020433805777429e+03
1.083530262023922575e+02
-7.702965248255693496e+02
1.696124076385263834e+03
-9.891957492970077510e+02
1.153788949284374212e+03
-3.912213789785704989e+02
3.896700253096657320e+02
-7.880355442055896447e+02
1.385402326081991760e+03
-9.969209327726728134e+02
2.203117851187598433e+02
-1.438210677888068176e+03
5.367601480898443924e+02
-2.165563346486242153e+02
1.923154209826449232e+02
-4.079323757062849722e+02
8.883357256896504168e+02
-6.541313080838949645e+01
-5.997078427343974454e+02
-8.870544807856804255e+02
1.138403626976160695e+03
8.567631489845128954e+02
-2.798377874811604897e+02
-2.074088394421926751e+03
2.594310801314257333e+03
-1.723318659307876032e+03
-3.086817877858548854e+03
7.164865543404748678e+02
2.035486509759544163e+02
1.345504348117935933e+02
-1.185159073237201937e+03
1.217394116052998015e+03
1.455005617380036028e+03
-4.776064404214487695e+03
6.931782193550102420e+02
4.179026119519702661e+03
6.203628058666219403e+01
-5.047395373396092509e+03
1.667600068609945993e+03
-8.132857140820781296e+02
1.943455552837843697e+03
-2.682035395801163759e+03
-2.665712550425257177e+03
2.245046152065648585e+03
-1.740364105370163543e+03
-1.406065184957189786e+03
2.292064187617312655e+03
1.953211765320161931e+03
-4.384705548998114864e+03
-2.675960712956586576e+03
1.001048683703732877e+03
2.864740290267183809e+03
1.311593497439549355e+04
-7.676032891585045945e+03
5.457898456520532818e+03
-6.780362884113759719e+03
3.086559658837236384e+03
-5.282528319439702500e+02
-1.664016093275368746e+02
-2.337013348210085042e+03
1.821296262418494507e+03
-4.837815614937010764e+02
-9.855744518800482865e+02
7.380852655759229037e+02
5.733737676091392359e+02
-5.689840107160798652e+02
-5.969449586797005622e+02
6.036982378371610594e+02
5.347538619296331319e+01
-4.695291213803769210e+02
-6.339973198003040125e+02
8.510529603966506329e+02
1.454283571537729358e+01
-1.606874917881832232e+01
-6.533174558294450662e+01
8.157719242476463251e+01
-8.494909893134226309e+01
-4.377725869954554838e+01
4.490404727489641346e+01
-3.989814103354968466e+01
1.478420538572484020e+02
-2.271869741035534105e+02
3.830634023618170403e+01
-3.864607557535823190e+01
-1.912876185610469975e+02
1.973620899129046222e+02
-1.970772473255701263e+00
-5.154550969940818739e+00
2.229929529646960518e+01
1.217325346967802036e+00
-1.037548389680431349e+01
-1.156155845143461569e+01
2.386289759625798723e+01
-5.076669589357508672e-01
-1.191177046197659806e+01
7.719177794367663381e+00
2.157054004953713910e+00
3.712371747569207514e+00
-4.926268001146995701e+00
1.829302544393076602e+01
-5.974887499734315099e+00
3.841764259679289584e+00
-3.343747646310897181e+01
3.400834112112195839e+01
1.120447769693449613e+00
2.967841929985934435e+00
-9.675033022475108879e+00
1.973036659413053329e+01
-1.172423037001439994e+01
2.621461276364672077e+00
9.177886775350343029e+00
-4.470486983861370334e+00
8.847313947916370935e+00
-1.143800197621069081e+01
2.277720717965249975e+01
-6.100987408776762599e+00
-1.594118399032501365e+01
4.181432180514566710e+01
1.055465931935722601e+01
1.059637280468668052e+01
-4.590242361975562346e+01
1.189251717354722615e+01
4.986128573463370373e+01
-5.082406629223381600e+01
3.175283472664800755e+01
2.098213045778530628e+01
-5.423695308377231683e+00
-1.764310045850705322e+01
1.415654205007409772e+01
-3.469903410130596999e+00
1.309002999191548611e+01
5.526282596071432351e+00
-4.833860118207206291e+00
1.261753312479225464e+01
-2.229108472034980082e+00
3.690643551996257710e+00
1.202661451295318251e+01
-8.421407761773711087e+00
-5.759282590734881024e-01
1.548144360499599514e+01
1.729951274778852621e+01
-3.773512008978042331e+01
-1.002609789194078260e+01
4.171968918862567932e+01
6.814528968030876932e+00
-7.981001829352096344e+00
1.371680282220849634e+01
-1.406278450669594271e+01
1.216597158175643933e+01
3.481473784301592822e+00
-9.562528215683366639e+00
7.964609272251104599e+00
3.464745085920299950e+00
-2.088895061249318008e+00
-4.282126619279576829e+00
1.179026761511778432e+01
1.239541397680864421e+01
-2.790475966809249186e+01
3.229301832073049550e+00
7.390371095263092549e+00
5.089930398552496627e+01
-3.473186385085544714e+01
-9.540016832805799041e+00
-3.864607962954320897e+01
9.467129764792613855e+01
3.475660128654902081e+01
-5.424013692001924625e+01
-6.890180919901631285e+01
9.104064853500085519e+01
8.029545622462815402e+01
-1.089732877547878900e+02
8.374182748673572263e+00
-8.805631962625341203e+01
1.343500556582704917e+02
-1.774162872287499226e+02
1.072438902041869540e+02
-7.611884446632544154e+01
4.309985424533809173e+00
1.153172238361968205e+01
2.021090521922069172e+01
-2.696461896040924344e+01
1.391252038298849492e+01
5.040394309630227276e+00
1.840937907812966179e+00
-2.813505306315351451e+00
-3.757361346873418495e-01
1.041663606547658816e+01
8.234634146170323632e+00
-2.361158134806030162e+01
1.302728987758881196e+01
6.768573442328793988e+00
2.506681227684391544e+01
-9.680656031908293713e+00
-1.935619941142396527e+01
5.180288034795611907e+01
-1.721526669123382902e+01
2.905779741385560655e+01
-1.337901916930632851e+01
2.256438633430513718e+01
1.007330540212751702e+00
-1.652965600595987627e+00
6.629170523333360876e+00
1.140901200400535442e+00
8.705611891926714918e+00
1.879724019876531260e+00
6.642934035096779155e+00
-1.121923018177884224e+01
7.700927675646607184e+00
2.269763605266751583e+01
-1.821487555740823794e+01
-2.549874157103946271e+00
5.858691454800735859e-02
1.982306597751651722e+01
-7.676409445598226355e+00
2.952012152861602789e+00
2.317679892945207243e+01
6.345723955387369664e+00
-2.573491573643732142e-02
1.556817984788997800e+00
6.742249326443285895e+00
-2.033666869330615690e+00
-1.444809700944976782e+01
1.028611860847205506e+01
2.363564719005280423e+01
-6.149239129484688426e+00
-5.501227496535418027e+01
5.409903157939782403e+01
-8.988530937206677507e+00
1.216325710388840520e+01
-3.172433770732309810e+01
3.611621080298289854e+01
-7.469163686845506334e+01
2.421995881992520694e+01
2.718137004703104154e+01
-1.514786126493273244e+01
5.581713122715980546e+01
-5.361297495601255036e+01
9.590549888098042208e-01
2.719896655147064735e+02
-2.804947274479637258e+02
-1.850133059574741878e+02
-3.574810677573645421e+02
6.009130720988799794e+02
-3.871111425015432417e+01
-2.466269280672077571e+02
-4.264700188781581147e+01
2.068039158057503641e+02
3.668591212851681149e+01
-1.094080910514240088e+02
-3.617337501330420935e+01
1.179846279982253776e+02
5.421487551664774429e+01
9.723510098640430144e+00
-1.636813920500543134e+02
4.939977813121651025e+02
-5.506123791195635704e+02
1.983849687177143323e+03
-1.856012699442064559e+03
7.852808008735573253e+01
4.701287254369445350e+02
-7.257707164425390829e+02
2.379584139656701609e+02
-6.283754142661425703e+02
8.756954722757431000e+02
-3.956748345695659737e+02
5.559402952835151837e+02
-1.689870850723684725e+02
-1.915225076514228988e+02
5.854359470589810321e+00
3.040149317129976225e+02
-1.148489780499629660e+02
-1.128253277057372514e+02
-1.164212023575496247e+01
2.189949137759007840e+02
-6.519987399255552418e+01
3.829803278933312072e+01
1.413026353916919753e+01
1.127270319145229038e+01
-3.543567059994596491e+01
5.016130847478429189e+00
4.591534918095909035e+01
-1.568885542271217659e+01
6.594888032870330541e+00
-6.069789566328895880e-01
4.779515419246324370e+01
-3.303832508879807506e+01
6.886344188186808601e+00
-1.208272551847689158e+01
1.938126492324212435e+01
