1.062492744910958754e+04
1.363320944189372858e+04
-1.653405048214740236e+04
-1.564607520519342506e+04
3.462655185642412835e+04
-1.245224731507164142e+04
1.668113765641133650e+05
-7.418375712218500848e+04
-8.495650165142227706e+03
6.225408877258351276e+04
-7.490343982859675407e+02
-4.930488393276074930e+03
-1.645439257797653772e+04
6.537799206796402359e+03
1.559836314135193425e+04
-3.440558403227143572e+04
5.473657560835218646e+03
-2.295501160689642347e+03
2.680124369208202552e+03
-1.265389013963515708e+03
1.073034281141035535e+03
-6.844788124163577777e+03
8.921933681126342890e+02
9.373695858560511624e+03
-7.582261928072719456e+03
-9.838692521640336054e+03
6.689583144331279073e+03
2.192954851805031467e+03
1.695927879766924889e+03
-4.199276787204922584e+03
4.563714878302107536e+02
2.317866312760591427e+03
4.509923248384974613e+03
-5.794019219381888433e+03
-1.102998303491737488e+03
-4.750177617995507717e+03
1.081500977186634191e+04
-2.369043537821884001e+03
1.921181112079819741e+03
-1.143727583160053655e+04
2.181243564243804212e+04
-1.944955385357731075e+03
-3.478230291472519184e+03
1.491827155624902161e+03
5.699936329684946941e+02
6.806672036582941132e+01
-4.181986023100704415e+02
-1.033835036508217513e+02
1.761901970179449108e+02
-2.266086246968172624e+00
-2.631071911511254768e+01
7.097554226134004551e+00
5.862928134050195439e+01
-4.374505296244522157e+01
-7.682994497481849372e+00
7.004361335260797716e+01
1.270522431222365611e+01
-4.733457951625629079e+01
1.217521904939541821e+00
3.500593148882858685e+01
3.209704221462332807e+00
-2.875156114976253363e+01
-8.443923299169686647e-02
3.715742363477739474e+01
-3.997862725419773966e+01
6.012613190641201300e+01
2.572129080496450015e+01
-3.689080768204308924e+01
-3.355745775107031870e-01
1.081417375846660711e+01
6.193020254894295640e+00
9.528799006016244633e+00
-1.613163886550791659e+01
6.284761784540379814e+00
1.669263546832440426e+01
3.493335524421532057e+00
-5.224757072575417993e+00
-1.222794276776285649e+01
1.184217318439310418e+01
3.632079607667626053e+00
1.606531032652585012e+01
-2.031448496219244504e+01
-9.268992769865758152e-01
2.052794296085338033e+01
-1.164481832720309029e+01
2.628483041588246305e+00
1.256768562654765198e+01
4.398795405626539257e+00
-6.395062613751891334e+00
-8.246227501954907169e+00
1.369947089069814972e+01
7.648136285690043223e+00
-7.966808411857761563e+00
-9.561854571019310356e+01
4.693409466117312689e+01
-1.302474882202138318e+01
5.175122989419996600e+00
-5.475906029026854860e+00
5.382875011934445730e+00
6.621961637607886253e+00
3.316374157003179501e+00
6.538664483397410798e+00
-2.865755318589015666e+00
1.516384306588354569e+01
-5.559481113825496479e+00
-4.215057216381504546e+00
-1.494490772529139555e+01
1.253394428176795827e+01
1.101050502504021011e+01
-2.592985639985731616e+00
-4.037995448658527331e-01
-2.619707062325173030e+00
2.042607307289502216e+01
-3.938950243979588706e+00
-1.479906057439675138e+01
2.134448158888157465e+01
1.948423361792154651e+01
6.319979891218551415e+00
-2.886505862712883186e+01
1.918645154606377190e+01
2.376371725327629036e+01
-1.084267425355397663e+01
-8.616686260859992785e+00
-1.619551398736824410e+01
2.943980649165346364e+01
-5.121497279150416526e-01
1.056735283002071490e+01
-3.886324875023515979e+00
