1.266333131527786645e+04
1.624448647163447822e+04
-1.970222014644257433e+04
-1.864649557700669175e+04
4.126368719276533375e+04
-1.483879778871409508e+04
1.987860455324584036e+05
-8.840503429710098135e+04
-1.012390255568731664e+04
7.418827146588717005e+04
-8.946529326821950008e+02
-5.878130185103557778e+03
-1.960752711000706404e+04
7.792615695588465314e+03
1.858763693112008696e+04
-4.100418987349305098e+04
6.523330657798954235e+03
-2.735114053088016590e+03
3.192201928627036068e+03
-1.508306829163059774e+03
1.279923492959844225e+03
-8.159199622592010201e+03
1.061133535468814671e+03
1.117415985630467731e+04
-9.040494034267747338e+03
-1.172557625535734951e+04
7.972414315052997154e+03
2.614852020948021618e+03
2.020448129744421067e+03
-5.006666157383206155e+03
5.441148293875493209e+02
2.759527168015418283e+03
5.390160274065354315e+03
-6.916780418398650909e+03
-1.311072657075300867e+03
-5.685844543227419308e+03
1.290812940765564417e+04
-2.825124451295906510e+03
2.304090033945404684e+03
-1.365449613493402649e+04
2.602796935216892962e+04
-2.341596310737586919e+03
-4.124409343599697422e+03
1.778519089134528258e+03
6.709074416112517838e+02
8.355670940514063716e+01
-4.980819449084970074e+02
-1.267076150187591566e+02
2.110995004550498777e+02
-2.789436743171211042e+00
-3.124882177710755471e+01
7.100522664442448395e+00
7.112275689630492082e+01
-5.470481397035939608e+01
-6.716238084089363625e+00
8.317167324247905924e+01
1.379115913567729912e+01
-6.045383278357287793e+01
7.796677981787634160e+00
3.887384981969214692e+01
-5.293095350578455038e-01
-3.554468738406833950e+01
2.867123157117059673e+00
4.342479795272349463e+01
-5.116915046986321869e+01
8.332031301590536998e+01
2.838958798551643170e+01
-4.782627000735018186e+01
-1.895266127145323498e+00
1.340570841710909988e+01
7.433210357541082836e+00
1.206478616879389065e+01
-2.329142772244927784e+01
1.486535391937681538e+01
1.709986847469281912e+01
1.138049220087719426e+01
-9.409581765234081630e+00
-1.651475805570833089e+01
9.889396577346120765e+00
8.284218052286551170e+00
1.652548114444229199e+01
-1.981211124130066636e+01
-7.240228324222882428e+00
2.281392719045267015e+01
-5.712971997306759420e+00
3.669950365851483709e-01
1.110698736127682906e+01
3.663725711760000614e+00
-3.619789540281378226e+00
-8.980655442658397547e+00
1.229981113161810491e+01
6.484157056571065780e+00
-5.565254839895970917e+00
-8.016671280591478421e+01
4.142390504022569786e+01
-1.109365020620113995e+01
4.244802785757644692e+00
-3.438355029961721154e+00
4.153973492180889515e+00
6.732114580840783624e+00
2.223181969954798554e+00
2.673771419148362138e+00
-1.002834909357104509e+00
1.820978676860745793e+01
-8.730469315440466005e+00
-9.286013385318462099e+00
-1.167017674167043140e+01
1.743914530091089432e+01
9.182530108652445122e+00
-8.812815616796555673e+00
8.727708079134575969e-02
1.876716674194803591e+00
1.979039619708990116e+01
-8.218731872280706341e+00
-5.921078760132772345e+00
-2.423281486737177026e+00
3.765975552638602153e+01
4.555509711074801515e+00
-1.039955593155264602e+01
4.157222951502594910e+00
2.009061827240602227e+01
-4.078284195327808170e+00
-4.345703719522797215e+00
-1.763488192698026680e+01
3.050657798945918842e+01
-2.118571797011500890e-01
1.069576852532918032e+01
-4.548952316020526077e+00
