-5.737077965937721125e+00
-1.960149639981329850e+00
1.225669403696368676e+01
7.929367244106019896e+00
-3.178930975384510660e+01
-1.108254896240774912e+01
6.595077845606354572e+01
-1.726117382370446052e+01
1.982229773377920390e+00
-6.623546268119706149e+00
2.588892500960663767e+01
-1.327437933958700356e+01
2.965618957631668717e+00
-1.430378903737653573e+01
2.766430006329076363e+01
2.496605586043766645e-01
-2.533552583834081107e-01
-2.731320230463077081e+01
2.735819899532845767e+01
4.175453294466706922e+01
-2.726838178303827931e+01
-2.451298251997332756e+01
-9.488572444449461685e+00
7.004294919195768898e+01
-8.591367807593334760e+01
1.697192114877794111e+01
3.329972375487575409e+00
1.416355241607840210e+00
-3.727274133377625986e+01
5.451040597269374288e+00
6.180977405148779802e+00
5.964829553799674500e+00
