1.505180949706212463e+11
-4.837435318464298248e+10
2.191781350496536636e+10
-2.708431427704609871e+09
-9.137905172659343719e+09
8.311014937419848442e+09
8.727973822272558212e+09
-1.540767328731253052e+10
6.309223339793516159e+09
-2.226266971334332657e+10
2.265075193279701996e+10
-4.967403423523513794e+10
1.094214304729818420e+11
-6.474783716737732697e+10
3.933707609606519775e+11
-8.509110730415060425e+10
-2.398288177219507141e+11
1.591093215541715240e+10
1.072634325030803223e+11
-2.823298263092551422e+10
1.964603505405392885e+09
-6.688014473131271362e+10
6.412998431305374908e+10
-2.302191735024231720e+10
4.081789241064144135e+09
-5.987709772581961632e+09
8.749320114406753540e+09
-1.746290942375982285e+10
5.464885112177236176e+10
-2.100927025040232468e+10
5.855215416438281059e+09
-1.233560985270766640e+10
2.107232359391082764e+10
-1.401670142389062166e+09
1.374019978438965607e+10
-1.672555318744630432e+10
-1.044409115384839249e+10
6.142594397279038429e+09
1.987807978715949631e+10
3.634559038174023628e+09
-1.333317975751366425e+10
1.230600356424954224e+10
5.775545226958903313e+09
-1.136565616620269203e+10
3.275236959091507435e+09
2.751689215177667618e+09
3.351155298903945446e+09
-7.591093805202477455e+09
3.114394478085816383e+09
-1.881159827839256287e+09
1.351997240037338018e+09
-3.572306849882767677e+09
2.891520373501572609e+09
-1.997514940828082561e+09
1.420073035705670357e+09
-6.327314441594830751e+08
2.171239197516340733e+09
-1.491302238382424116e+09
-7.640607931920702457e+08
5.911165479047458172e+08
2.291848385711596489e+09
-3.605716916625725031e+08
-2.892539271029931545e+09
3.590597320363751888e+09
-5.796107741579124928e+08
-4.104481980139000893e+09
-1.228303368074093819e+09
2.790081433145854473e+09
4.064717991484230518e+09
-4.003541730076715946e+09
-8.941371370091491938e+08
4.025714120608201027e+08
4.016927020040859222e+09
-9.574849580739103556e+08
-8.461441499664381742e+08
-3.287484797622528553e+09
4.665749366703089714e+09
-6.192188289898364544e+08
-5.404695334241223335e+08
2.297108291565452218e+08
7.992470442851611376e+08
-4.227665693572811484e+08
-9.976488505439692736e+07
-2.403554866295950413e+08
6.513202459092072248e+08
-3.291471177179502964e+09
4.129889922656663418e+09
-1.105417442848753452e+09
-3.201838475311087132e+09
1.473819117202382386e+08
4.590832839825177193e+09
-5.870826540371959209e+08
-3.688279998509616852e+09
9.172427584032800198e+08
2.069305950727335215e+09
8.325395054773368835e+08
-1.120759264032874346e+09
-2.130036374469427824e+09
2.650575544567267418e+09
3.688915344786297798e+09
1.084674695908827782e+09
-5.220558996228734016e+09
1.573630792420675850e+10
-1.132863038748458290e+10
-2.970624100837148190e+09
1.767335200772638798e+09
3.851248789941676617e+09
1.069972474040267944e+09
-6.354739418221085548e+09
-9.206152719066965103e+09
1.021317410387933159e+10
-6.780148904653966904e+09
3.750381193830266953e+09
-2.390146815978548527e+09
3.722847870088652134e+09
-3.951343045244347095e+09
7.730434673516622543e+09
-2.386763056376824856e+09
-9.821462864616921544e+07
1.816899745517031193e+09
2.156553606657947227e+07
-1.338811046096907377e+09
-2.695768155981904507e+09
2.405717591259946346e+09
3.426461416403354406e+08
1.846020146212913752e+09
-1.596974818254310226e+10
1.276509812277051353e+10
-9.678947737342627719e+06
2.261025267567706108e+09
-1.152627637651821899e+10
4.138403206516202927e+09
4.053932272017858982e+09
4.474623316616606712e+09
-2.054312338107124710e+10
-6.202208541901676178e+09
5.328300719114976883e+09
7.020371025208841324e+09
-1.880045726080065918e+10
-1.105196229970154190e+10
6.949787270699157715e+09
-9.799769691050344467e+09
2.410813726835085297e+10
-1.204361661368539810e+10
1.216818340733253288e+10
4.199391547374537468e+09
-4.232236996727925301e+09
-3.429656185861975193e+09
3.413058850723233223e+09
-4.306639418667213440e+09
9.998917053898380280e+09
-9.973640234497161865e+09
7.039454253898821831e+09
-1.671186601050969315e+10
8.641073754080038071e+09
1.241109137816473389e+10
1.261594939930930519e+10
-7.283239917288606262e+10
-6.317494182152865410e+09
6.595293141132711792e+10
-2.964446992577368927e+10
5.445694575548933983e+09
-2.908943071902493668e+10
3.005139633559139633e+10
-5.523893620358838654e+10
3.118872587674718475e+10
1.975898067463256454e+10
-2.960042062854988861e+10
-1.031938048360431290e+10
1.722659630119719315e+10
5.243751529159375280e+07
-2.397790344261982918e+09
1.226105922499573231e+09
-7.310660154402548075e+08
1.692732883227365732e+09
-7.121024579138731956e+08
-5.003217785871040821e+08
7.350703765520321131e+08
1.660233725028882027e+08
-3.027189635584560037e+08
1.645403102612017691e+08
-4.825977772910865955e+06
-1.305365976306355894e+08
-5.550912079160663486e+07
1.412507870463869572e+08
-4.040603302346894145e+07
2.908599430535173416e+07
-1.247311799703597575e+08
2.337569072827660739e+08
-5.134557002739660442e+06
5.787453546783557534e+07
-3.943336317625884712e+07
-7.675320864777270705e+06
3.775957119433164597e+07
8.599953716938389465e+06
-4.531116582016361505e+07
-3.718889681104559451e+07
1.273224364328172356e+08
-4.832709647836256772e+07
2.892724997503019124e+07
-2.170679754485376552e+07
2.366594843834846914e+08
-1.867637455167371929e+08
4.619001107329755276e+07
-4.889821395939944685e+07
1.063397783779424578e+08
-3.131984526403745636e+07
4.486925823887222260e+07
4.489222321613735706e+07
-1.253958603184360862e+08
1.238573992822836339e+08
-2.910370236162125319e+07
-3.442334509884636402e+08
4.522316147099106014e+07
-7.932998133852650225e+07
7.010211998281617463e+07
2.297316984926225152e+06
1.148127153723106533e+08
-6.246897320299622416e+07
-4.941941530154774338e+07
3.598324869067133665e+08
-4.761647529287303686e+08
7.438960883983914852e+08
-7.291117437185704708e+08
9.979407254108878374e+08
-9.009133036752454042e+08
-1.530427746699702024e+09
1.377898777921717763e+08
1.663497206853528917e+08
2.411734687168352008e+08
-3.489733167548462152e+08
-2.615046433346071094e+07
7.126829212646853924e+08
-4.250646839575080276e+08
-1.259896477660890818e+08
-6.377525090586560965e+08
4.551853534645714164e+08
-1.059169173923231512e+08
-1.684312952671977878e+08
1.122421861807511151e+08
-3.730281748819845915e+07
1.625907501611714661e+08
2.720136943003825471e+07
-1.192941926711017825e+07
-7.592770818974295259e+07
3.296634750609570742e+07
3.763970471562288585e+05
2.411201978473201767e+07
-2.875221255676736683e+07
-5.735063317356529646e+06
3.899058148221626878e+07
-4.561507573648125678e+07
1.045211838857142255e+07
9.912155985545335710e+07
-2.721005687796265483e+08
3.270260550106770992e+08
