-2.796948691300864994e+03
8.037284892082514887e+01
1.519606324032049997e+03
1.260255467219399179e+03
-1.428789782330571370e+03
-2.673937274550563643e+02
8.133745924087636467e+02
-2.915169324811151910e+02
2.366840762875684732e+02
-9.622097546858262263e+01
3.750109197463152810e+01
-1.465058933272951158e+01
5.420683266590787142e+00
-1.974077791636546308e+01
4.719200464343420265e+01
2.462925191306245409e+01
-2.635496467470511561e+01
1.913452546901139328e+01
-1.532329102953285194e+01
2.822756721561115612e+01
-3.588848806854284845e+01
-2.781382241135241884e+01
2.131453616621734781e+01
4.257645967265307974e+01
1.952093664373503756e+01
-3.999842061935424198e+01
7.817015093349439780e+00
3.272730139582502140e+00
2.731276762137643743e+01
-1.009362591656443975e+01
-9.499576275863907959e-01
-9.571478736850407287e+00
3.656486889342203028e+01
3.817720922776335901e-01
-2.409188821629020438e+01
4.734616912516353970e+00
-3.057619598271964723e+00
1.538190230229183797e+01
-2.660708738760155789e-01
-1.207336405510299038e+01
2.599912239438238970e+01
-3.139916985112259340e+01
1.247237811737244506e+01
1.929535988697846649e-01
1.436246305749450158e+01
-1.925733355539010461e+01
5.711608005151694201e+00
1.697980681511289092e+01
-9.039998261265682622e-01
-2.072849264201603958e+01
1.268507639908060547e+01
-1.434715228983951540e+00
7.432312949387688050e+00
-1.716691749002394829e+01
4.274715513912254461e-01
1.561218697350292750e+01
-6.806508707106801559e+00
-9.657205958798485312e+00
-1.002411434911247667e+01
9.626022981526780598e+00
5.085126365444019569e+01
-1.755439682071517282e+01
2.178646584170038736e+01
-2.244005625140598781e+01
2.522283464009569443e+01
-1.417098250300137074e+01
-7.931828977995836638e+00
1.349456433043992121e+01
1.278549205275156986e+01
-5.750892358728635578e+00
-9.723856270796352064e+00
-3.538601926195082736e+00
2.102715817751313310e+01
2.378251981410864957e+01
-1.329900680310327488e+00
-4.140057483048091846e+00
5.277598749674152323e+00
6.603746331893376897e+00
-9.943345167809853891e+00
2.014541398438124631e+01
-1.015906776153922841e+01
1.500841975208635759e+01
-2.741243517491263759e+01
1.543713096981874600e+01
-2.067510565646954390e+01
2.060114582292212049e+01
2.409215903168246520e+00
1.304331387764798933e+01
-3.138162268551499778e+01
3.980044484561950213e+01
-3.435996501896313760e+01
-6.026709693155591019e+00
1.914034993588592215e+01
-8.302942473081370567e-02
5.764770219591043299e-01
1.117729497812663286e+00
1.301078398376695411e+01
-2.086269494283726900e+01
1.857427143984860862e+01
1.071996631348689277e+01
-4.862223567034576810e+00
-2.172720742923761250e+01
2.548131554403279964e+01
7.985477794448528677e+00
8.855879841313376133e+00
-2.246879990069303190e+01
1.377018861532312144e+01
1.605244754831219112e+01
5.944005067381431751e+00
-3.745010960822577228e+00
-2.293449785661675566e+00
1.978829209059556726e+00
7.899587084397721171e+00
-2.376209866160279738e+00
2.920552919565514660e+00
5.655701698320630300e+00
3.037770522755377733e+00
1.944209825907195377e+00
-1.276528411045880951e+01
1.225348556585467108e+01
-1.136971388373528669e+01
3.641371574217613372e+00
1.176115834539489136e+01
1.635007173355458221e+01
-2.944612904469363457e+01
3.017403282225016881e+01
-4.210757741893018391e+01
2.811945510776268264e+01
-9.737702929929437090e+00
3.944551745785029340e+01
-3.929484087770047296e+01
1.834068352841957505e+01
2.699320674167136502e+00
6.083162969446665791e+00
-4.282855756561933624e+00
1.727991837279562759e+01
5.510791113082396109e+00
-2.446388263061795243e+01
1.075937293053040200e+01
3.953805282349858885e+01
-1.048554514813875649e+01
-9.495365656170585922e+00
-4.136259151829853664e+01
2.833730918169797519e+01
2.880858834161283255e+01
-1.719424104456971492e+01
-4.117629827790013763e+01
-3.249394020854780507e+01
6.774773592964712066e+01
-1.369741837360883707e+01
-7.541917477145939408e+00
1.064472703656403070e+02
-4.162907940753884617e+01
-8.273043043416289777e+01
2.420220340247676560e+01
4.073709942660851624e+01
2.732989965835079005e+01
-1.333072826219883780e+02
4.944423049323737018e+01
1.397536533143722437e+01
2.795327611306049675e+00
-4.596635413983485563e+01
-2.040981618060503777e+01
5.101305946215818921e+01
4.311397239272591975e+01
-7.094366174386358637e+01
-7.833541204368474453e+00
3.765714499443861740e+01
1.172842668912024422e+01
-5.675006249644606982e+01
4.421607553556157200e+01
5.562302864784578560e+01
-1.648217595354605436e+01
-3.484430122022026843e+00
4.646120708629285723e+00
1.029619534092444866e+01
-5.756201375352031357e-01
3.231710531944521847e+00
-3.728766201019805493e+01
1.134162229802156219e+01
1.971982672522205249e+01
8.883468592620031856e+00
-1.581118205010882960e+01
9.732864419464773320e+00
4.411922616224509319e+00
-3.183328921805648903e+01
2.402711847134564138e+01
-1.395751634869217916e+01
2.492185797347312715e+01
6.988672545689795790e+00
-3.452948748949545177e+01
7.836689365958710596e+01
-6.956251236244782810e+00
-3.249605440451315985e+01
4.119671159327183574e+01
2.944423018074203924e+02
-3.940146585421756953e+01
-3.168289042978956331e+02
1.430117957771931856e+02
-1.155195215365984751e+02
1.460594243895196200e+02
-1.189524676606889955e+02
7.643454242902973306e+01
4.951053912988883532e+00
4.178347594366282181e+01
-2.402179451858438952e+01
-4.866383109499511916e-01
-6.255684928445103310e+01
5.002275884630098801e+01
-1.230480679094530245e+02
3.761217867598152225e+02
1.015015435197903173e+02
9.788271509065148734e+01
-2.541821264562942702e+02
4.363420048150122739e+02
-1.874828145845360723e+02
-1.012265542970810515e+02
9.474505422620796935e+02
-2.143605902096326190e+03
7.116882583700484020e+02
1.564628595449736167e+03
2.117561467959039305e+02
-1.496020433805781067e+03
1.083530262023926980e+02
-7.702965248255727602e+02
1.696124076385270882e+03
-9.891957492970102521e+02
1.153788949284378305e+03
-3.912213789785729432e+02
3.896700253096736901e+02
-7.880355442055990807e+02
1.385402326082000400e+03
-9.969209327726791798e+02
2.203117851187622307e+02
-1.438210677888077271e+03
5.367601480898468935e+02
-2.165563346486252101e+02
1.923154209826458043e+02
-4.079323757062869049e+02
8.883357256896545096e+02
-6.541313080839017857e+01
-5.997078427343947169e+02
-8.870544807856899752e+02
1.138403626976165697e+03
8.567631489845166470e+02
-2.798377874811624224e+02
-2.074088394421935391e+03
2.594310801314268701e+03
-1.723318659307883763e+03
-3.086817877858562952e+03
7.164865543404780510e+02
2.035486509759555531e+02
1.345504348117940197e+02
-1.185159073237207167e+03
1.217394116053003472e+03
1.455005617380042622e+03
-4.776064404214512251e+03
6.931782193550141074e+02
4.179026119519724489e+03
6.203628058666269851e+01
-5.047395373396119794e+03
1.667600068609954860e+03
-8.132857140820825634e+02
1.943455552837854384e+03
-2.682035395801178311e+03
-2.665712550425271729e+03
2.245046152065660863e+03
-1.740364105370173775e+03
-1.406065184957197289e+03
2.292064187617326297e+03
1.953211765320171935e+03
-4.384705548998141239e+03
-2.675960712956599309e+03
1.001048683703738334e+03
2.864740290267199725e+03
1.311593497439555358e+04
-7.676032891585084144e+03
5.457898456520561922e+03
-6.780362884113789733e+03
3.086559658837245024e+03
-5.282528319439717279e+02
-1.664016093275383241e+02
-2.337013348210091408e+03
1.821296262418500191e+03
-4.837815614937028386e+02
-9.855744518800513561e+02
7.380852655759254048e+02
5.733737676091410549e+02
-5.689840107160817979e+02
-5.969449586797023812e+02
6.036982378371631057e+02
5.347538619296346951e+01
-4.695291213803785695e+02
-6.339973198003061725e+02
8.510529603966535888e+02
1.454283571537734687e+01
-1.606874917881839337e+01
-6.533174558294473400e+01
8.157719242476490251e+01
-8.494909893134261836e+01
-4.377725869954572602e+01
4.490404727489656977e+01
-3.989814103354984098e+01
1.478420538572489420e+02
-2.271869741035542063e+02
3.830634023618182482e+01
-3.864607557535836690e+01
-1.912876185610479070e+02
1.973620899129055033e+02
-1.970772473255734791e+00
-5.154550969940823180e+00
2.229929529646961583e+01
1.217325346967803146e+00
-1.037548389680432059e+01
-1.156155845143462813e+01
2.386289759625800500e+01
-5.076669589357463153e-01
-1.191177046197660694e+01
7.719177794367663381e+00
2.157054004953709914e+00
3.712371747569216396e+00
-4.926268001146997477e+00
1.829302544393076957e+01
-5.974887499734321317e+00
3.841764259679291360e+00
-3.343747646310895760e+01
3.400834112112194418e+01
1.120447769693453388e+00
2.967841929985939764e+00
-9.675033022475117761e+00
1.973036659413054039e+01
-1.172423037001440704e+01
2.621461276364672077e+00
9.177886775350344806e+00
-4.470486983861368557e+00
8.847313947916351395e+00
-1.143800197621068193e+01
2.277720717965251751e+01
-6.100987408776766152e+00
-1.594118399032507583e+01
4.181432180514583052e+01
1.055465931935722956e+01
1.059637280468668585e+01
-4.590242361975562346e+01
1.189251717354721727e+01
4.986128573463372504e+01
-5.082406629223383732e+01
3.175283472664801465e+01
2.098213045778532049e+01
-5.423695308377240565e+00
-1.764310045850707098e+01
1.415654205007411015e+01
-3.469903410130601440e+00
1.309002999191548966e+01
5.526282596071440345e+00
-4.833860118207206291e+00
1.261753312479224398e+01
-2.229108472034970756e+00
3.690643551996263483e+00
1.202661451295316475e+01
-8.421407761773718192e+00
-5.759282590734637886e-01
1.548144360499598804e+01
1.729951274778850134e+01
-3.773512008978042331e+01
-1.002609789194071688e+01
4.171968918862563669e+01
6.814528968030765022e+00
-7.981001829352047494e+00
1.371680282220860292e+01
-1.406278450669607061e+01
1.216597158175634696e+01
3.481473784301469809e+00
-9.562528215683059329e+00
7.964609272251009564e+00
3.464745085920342582e+00
-2.088895061249444129e+00
-4.282126619279091884e+00
1.179026761511771149e+01
1.239541397680864421e+01
-2.790475966809331254e+01
3.229301832073519840e+00
7.390371095262437962e+00
5.089930398552785107e+01
-3.473186385085845274e+01
-9.540016832804990798e+00
-3.864607962954530507e+01
9.467129764793068603e+01
3.475660128655050585e+01
-5.424013692002216658e+01
-6.890180919901953871e+01
9.104064853500526056e+01
8.029545622463159305e+01
-1.089732877547930769e+02
8.374182748673835164e+00
-8.805631962625737685e+01
1.343500556582769718e+02
-1.774162872287592165e+02
1.072438902041892277e+02
-7.611884446632473100e+01
4.309985424533712361e+00
1.153172238361540103e+01
2.021090521922143424e+01
-2.696461896040973727e+01
1.391252038298997107e+01
5.040394309629104619e+00
1.840937907813138263e+00
-2.813505306316423926e+00
-3.757361346863483664e-01
1.041663606547660414e+01
8.234634146170078495e+00
-2.361158134806066045e+01
1.302728987758940526e+01
6.768573442328713163e+00
2.506681227684385149e+01
-9.680656031908485559e+00
-1.935619941142382316e+01
5.180288034795613328e+01
-1.721526669123385034e+01
2.905779741385563497e+01
-1.337901916930633028e+01
2.256438633430514784e+01
1.007330540212751702e+00
-1.652965600595990736e+00
6.629170523333361764e+00
1.140901200400530113e+00
8.705611891926723800e+00
1.879724019876529928e+00
6.642934035096773826e+00
-1.121923018177882980e+01
7.700927675646602744e+00
2.269763605266749806e+01
-1.821487555740823083e+01
-2.549874157103939165e+00
5.858691454800835779e-02
1.982306597751651012e+01
-7.676409445598221026e+00
2.952012152861600569e+00
2.317679892945205822e+01
6.345723955387369664e+00
-2.573491573642800595e-02
1.556817984788994469e+00
6.742249326443280566e+00
-2.033666869330618354e+00
-1.444809700944971809e+01
1.028611860847204085e+01
2.363564719005274739e+01
-6.149239129484665334e+00
-5.501227496535403816e+01
5.409903157939764640e+01
-8.988530937206611782e+00
1.216325710388838388e+01
-3.172433770732299863e+01
3.611621080298274222e+01
-7.469163686845465122e+01
2.421995881992508259e+01
2.718137004703090298e+01
-1.514786126493262586e+01
5.581713122716029574e+01
-5.361297495601272090e+01
9.590549888094055397e-01
2.719896655147083493e+02
-2.804947274479657722e+02
-1.850133059574751542e+02
-3.574810677573681232e+02
6.009130720988844132e+02
-3.871111425015426732e+01
-2.466269280672093771e+02
-4.264700188781640833e+01
2.068039158057522968e+02
3.668591212851693939e+01
-1.094080910514244067e+02
-3.617337501330432303e+01
1.179846279982257471e+02
5.421487551664791482e+01
9.723510098640318233e+00
-1.636813920500546828e+02
4.939977813121665235e+02
-5.506123791195649346e+02
1.983849687177147644e+03
-1.856012699442068651e+03
7.852808008735590306e+01
4.701287254369456150e+02
-7.257707164425405608e+02
2.379584139656700188e+02
-6.283754142661420019e+02
8.756954722757433274e+02
-3.956748345695669968e+02
5.559402952835162068e+02
-1.689870850723679609e+02
-1.915225076514230409e+02
5.854359470587688463e+00
3.040149317129985320e+02
-1.148489780499633213e+02
-1.128253277057376351e+02
-1.164212023575472799e+01
2.189949137759014377e+02
-6.519987399255572313e+01
3.829803278933319177e+01
1.413026353916926325e+01
1.127270319145230282e+01
-3.543567059994605728e+01
5.016130847478424748e+00
4.591534918095923246e+01
-1.568885542271223699e+01
6.594888032870345640e+00
-6.069789566328939179e-01
4.779515419246332186e+01
-3.303832508879814611e+01
6.886344188186819260e+00
-1.208272551847689691e+01
1.938126492324212435e+01
