1.266333131527737532e+04
1.624448647163385431e+04
-1.970222014644181763e+04
-1.864649557700597506e+04
4.126368719276374759e+04
-1.483879778871352573e+04
1.987860455324506620e+05
-8.840503429709756165e+04
-1.012390255568692373e+04
7.418827146588428877e+04
-8.946529326821570294e+02
-5.878130185103328586e+03
-1.960752711000630370e+04
7.792615695588157905e+03
1.858763693111937027e+04
-4.100418987349145027e+04
6.523330657798698667e+03
-2.735114053087909724e+03
3.192201928626911467e+03
-1.508306829163000657e+03
1.279923492959794203e+03
-8.159199622591690968e+03
1.061133535468771470e+03
1.117415985630423893e+04
-9.040494034267392635e+03
-1.172557625535689112e+04
7.972414315052686106e+03
2.614852020947919755e+03
2.020448129744342168e+03
-5.006666157383010614e+03
5.441148293875281752e+02
2.759527168015310508e+03
5.390160274065143312e+03
-6.916780418398379879e+03
-1.311072657075247434e+03
-5.685844543227196482e+03
1.290812940765513667e+04
-2.825124451295800100e+03
2.304090033945319647e+03
-1.365449613493349170e+04
2.602796935216791462e+04
-2.341596310737492786e+03
-4.124409343599540080e+03
1.778519089134458909e+03
6.709074416112267727e+02
8.355670940513695655e+01
-4.980819449084776238e+02
-1.267076150187535859e+02
2.110995004550413796e+02
-2.789436743170967237e+00
-3.124882177710624021e+01
7.100522664442187271e+00
7.112275689630220654e+01
-5.470481397035700866e+01
-6.716238084089369842e+00
8.317167324247607496e+01
1.379115913567724228e+01
-6.045383278357013523e+01
7.796677981786597655e+00
3.887384981969099584e+01
-5.293095350572187829e-01
-3.554468738406675499e+01
2.867123157116724386e+00
4.342479795272205934e+01
-5.116915046986107285e+01
8.332031301590107830e+01
2.838958798551632157e+01
-4.782627000734827050e+01
-1.895266127144994872e+00
1.340570841710849059e+01
7.433210357540903424e+00
1.206478616879362775e+01
-2.329142772244775372e+01
1.486535391937397499e+01
1.709986847469282267e+01
1.138049220087559732e+01
-9.409581765233024697e+00
-1.651475805570771627e+01
9.889396577346339257e+00
8.284218052285801548e+00
1.652548114444233462e+01
-1.981211124130075873e+01
-7.240228324222843348e+00
2.281392719045272699e+01
-5.712971997306851790e+00
3.669950365851503693e-01
1.110698736127687347e+01
3.663725711760009496e+00
-3.619789540281391993e+00
-8.980655442658445509e+00
1.229981113161814399e+01
6.484157056571033806e+00
-5.565254839895946049e+00
-8.016671280591495474e+01
4.142390504022579734e+01
-1.109365020620120212e+01
4.244802785757642916e+00
-3.438355029961717602e+00
4.153973492180886851e+00
6.732114580840783624e+00
2.223181969954796333e+00
2.673771419148355921e+00
-1.002834909357101623e+00
1.820978676860746504e+01
-8.730469315440474887e+00
-9.286013385318469204e+00
-1.167017674167041719e+01
1.743914530091090498e+01
9.182530108652436240e+00
-8.812815616796569884e+00
8.727708079134771646e-02
1.876716674194824019e+00
1.979039619708989406e+01
-8.218731872280724104e+00
-5.921078760132743035e+00
-2.423281486737233870e+00
3.765975552638606416e+01
4.555509711074800627e+00
-1.039955593155260338e+01
4.157222951502558494e+00
2.009061827240601517e+01
-4.078284195327792183e+00
-4.345703719522787445e+00
-1.763488192698027035e+01
3.050657798945918842e+01
-2.118571797011500890e-01
1.069576852532918032e+01
-4.548952316020526077e+00
