-4.209362221521168976e+03
1.187396907383633931e+02
2.289174883501580553e+03
1.889844238530170742e+03
-2.148436731284481993e+03
-3.957879941196763411e+02
1.215672101266142363e+03
-4.640980576802029418e+02
3.510645819123986371e+02
-1.355491564931613766e+02
4.948363223243615039e+01
-2.587897733290779456e+01
1.371379900193277557e+01
-3.355449687066848696e+01
7.302883004199480865e+01
3.333899891484599465e+01
-3.980249699672006614e+01
2.622946925770781945e+01
-2.172080057638313377e+01
3.458691013391178615e+01
-4.329644794115245077e+01
-3.298033046423507386e+01
2.372123135071119293e+01
5.089772565865320075e+01
2.088938199838992560e+01
-4.738319189074969984e+01
9.931944602085184925e+00
3.429039701434762222e+00
2.981477650430428739e+01
-1.166496972351420425e+01
2.534147402576091834e-01
-1.182883705828475129e+01
4.101127004561953271e+01
5.157614479713598099e-01
-2.651278007128796332e+01
3.280482695922459335e+00
-1.696184845425515286e+00
1.525648827037712607e+01
4.629168655848252545e-01
-2.023697182414231932e+01
3.795006541326933558e+01
-4.558143816939609394e+01
1.737925009681469746e+01
-5.079052258758829375e+00
2.091840751343282889e+01
-2.734181988216795389e+01
5.256618959156450721e+00
2.082270530160839428e+01
2.514998131972931095e+00
-2.539981487647337843e+01
1.229669918844901488e+01
-2.875473386795416531e+00
9.391816455803196462e+00
-1.750752381697363091e+01
9.857956704301205908e-02
1.645024382061190593e+01
-8.052430650107549326e+00
-1.006716527723423837e+01
-1.131479359898656689e+01
1.027007507375985362e+01
5.392272098955470483e+01
-1.952745457630550874e+01
2.572125834123585264e+01
-2.414589443258462254e+01
2.602797689542203230e+01
-1.934257788413826873e+01
-9.196928194896724307e+00
1.979996652222898135e+01
1.105889367364184928e+01
-6.198985468102478968e+00
-8.789525055200739345e+00
-2.015141832673355893e+00
1.942653299702826430e+01
2.223882938983853563e+01
-1.837405192685497513e+00
-3.169377320360315053e+00
6.116400581330723618e+00
5.244248981296202317e+00
-1.054356821580483761e+01
2.226486203734888036e+01
-1.265770085231064535e+01
1.665397521647156154e+01
-2.704261737467056292e+01
1.511574985944296756e+01
-2.070195755919973379e+01
2.039952433780660357e+01
2.425420204228385668e+00
1.258902614507689144e+01
-3.029602696160348785e+01
4.013619820306569608e+01
-3.378074111259108037e+01
-6.467702886746732993e+00
1.703129464454318054e+01
1.813397841499933660e+00
-7.909154409062731927e-01
2.653897064258039507e+00
1.144344809658191053e+01
-2.212935812359411614e+01
1.961874355769613132e+01
1.308942975865353375e+01
-7.430507783161113267e+00
-2.254516737014275662e+01
2.596677763497602953e+01
1.022727074240936851e+01
8.649537183876496726e+00
-2.406674399704519729e+01
1.348707676354388951e+01
1.791618485460434584e+01
6.446661618822740358e+00
-4.209975547126154183e+00
-6.239977871119088526e+00
2.510184152026866400e+00
1.040796755221670011e+01
-5.628229855381410296e+00
4.060891750276740098e+00
1.045076341602008618e+01
-2.161065651418170308e+00
2.463079222880139252e+00
-1.561766867691268601e+01
1.381032731519210799e+01
-1.184191210798029736e+01
3.289837008974989097e+00
1.141604793231924653e+01
1.662936687120832246e+01
-2.944646713212969047e+01
3.135012576652398764e+01
-4.311836766045243508e+01
2.482575447208037644e+01
-1.469399111298316463e+01
5.458609308680674843e+01
-4.162177142693651888e+01
1.194919360484074566e+01
9.749061562967005656e+00
7.552912426227515574e+00
-1.152627305853892992e+01
1.229722055139421855e+01
9.967441024329753319e+00
-2.108310441905007693e+01
1.025378663532200108e+01
1.811727613129557923e+01
2.820734214723947253e-01
-1.505033490430052012e+01
-1.169619398361463602e+01
2.339670702003798297e+01
9.764162157823108146e+00
-2.149327283077628081e+01
-6.918710948973117780e+00
4.540877483577597928e+01
-1.571568162541852232e+01
1.178967195215736119e+01
6.590843416524211129e+00
-1.384863868930260935e+02
7.477189827456727755e+01
1.000675451831515943e+02
-3.317063800251126082e+01
-2.109470965115442809e+01
-1.361992012050051137e+01
1.025801593071600877e+02
-2.653069718739459049e+01
-1.994282681906988230e+01
2.281396460306249985e+00
5.224394754039412447e+01
4.229636875257774165e+01
-5.353674573578523166e+01
-8.026163832810658505e+01
1.051592419701012204e+02
1.143171513012683675e+02
-1.648061364168672753e+02
-4.037095167931114048e+01
1.614358707364647216e+02
-5.223146424188356463e+01
-4.288465905893060892e+01
3.557545923576659419e+01
6.090017986554548735e+00
-5.687688833506584274e+00
9.397199911800663941e+00
-9.763463998087074103e-01
5.958997885912576287e+00
-4.294060513950746838e+01
1.130902946605217885e+01
2.175790065157772091e+01
8.327522547289690991e+00
-1.596844624998823114e+01
1.065676380338920914e+01
4.480217072535888967e+00
-3.721347392654048036e+01
2.778738590165684386e+01
-1.600536346023838874e+01
2.610059170833192610e+01
9.379832993788390638e+00
-4.322717067859009177e+01
9.099796573387813226e+01
-9.010867778047524368e+00
-3.716834509772551343e+01
4.700399709144563332e+01
3.415655682707644587e+02
-4.722574885351604479e+01
-3.675952336712797432e+02
1.644299195243971212e+02
-1.321361695203726470e+02
1.644634959368314640e+02
-1.363347772098593111e+02
8.970562210769976730e+01
5.194174563175733894e+00
4.689137934342076619e+01
-2.867794128844782975e+01
-5.132012126577186750e-01
-6.931102323730382864e+01
5.594183554373915257e+01
-1.381416848974694176e+02
4.207480154358702862e+02
1.140575627261904685e+02
1.062054096699510097e+02
-2.831534415229531874e+02
4.869341077576215184e+02
-2.044862083169653033e+02
-1.185617221184706267e+02
1.060510720792629172e+03
-2.401243666737476815e+03
7.982980176742520371e+02
1.752072504168624846e+03
2.375357003019511239e+02
-1.677242545864995236e+03
1.199309686732641751e+02
-8.637906805306387241e+02
1.901972607040003822e+03
-1.109012784539673248e+03
1.293999955078129460e+03
-4.394038812599582684e+02
4.370987470196888012e+02
-8.835597990519241876e+02
1.553260751546299844e+03
-1.119030820818509937e+03
2.462002712834564875e+02
-1.613190403333597260e+03
6.019591399748505864e+02
-2.432930327095158702e+02
2.130273999854438216e+02
-4.558113475087100710e+02
9.917244352608605595e+02
-7.154559317255463213e+01
-6.785382617553626687e+02
-9.854933822569312269e+02
1.271839738703340572e+03
9.593272395313673542e+02
-3.250780721629122354e+02
-2.314511499526337957e+03
2.909470769573239522e+03
-1.940550279883239909e+03
-3.409501981135632832e+03
7.872390441688298779e+02
2.371933863237043454e+02
1.383847676634752588e+02
-1.304205898372838192e+03
1.353386596949479554e+03
1.603075523823442609e+03
-5.293557745349859943e+03
7.632324729191660708e+02
4.652383556167141251e+03
6.792154201889498211e+01
-5.610194578832451953e+03
1.852896261768488330e+03
-9.048554015558730725e+02
2.164115819771786391e+03
-2.986395341210103197e+03
-2.969407315129890776e+03
2.499517865008496301e+03
-1.938885435520327064e+03
-1.565836077667497420e+03
2.550427885713760134e+03
2.174366393512194918e+03
-4.877632493922340473e+03
-2.983194232090341757e+03
1.115514714615648018e+03
3.187864654471516133e+03
1.461589744690886255e+04
-8.549899072013760815e+03
6.076165575821800303e+03
-7.557035018198634134e+03
3.444517206992871252e+03
-5.895029177857688865e+02
-1.939149628911306991e+02
-2.608493906390999200e+03
2.039381434286467538e+03
-5.465718485462261924e+02
-1.103846208796636120e+03
8.254857723500579141e+02
6.426220788352172804e+02
-6.397162930160014866e+02
-6.639093189077411807e+02
6.777530129540206190e+02
6.015861779137846810e+01
-5.293679316601287610e+02
-7.125563186067299739e+02
9.578591050710219861e+02
1.675368252757592202e+01
-1.885484304967083702e+01
-8.037936899405482905e+01
9.880072271471283329e+01
-1.079173329447454392e+02
-5.434514316619310392e+01
5.451327996936631592e+01
-5.057630540438766786e+01
1.836077336606775248e+02
-2.805095542172606997e+02
4.585987633885968506e+01
-4.753067466205829561e+01
-2.466156475125973770e+02
2.524096214934733950e+02
-5.353693442466644470e+00
-5.276893821656413408e+00
2.704741672952243547e+01
5.514928150738998003e-01
-1.319578327757679048e+01
-1.584934400724026382e+01
3.156599544895970411e+01
-1.817806253476265121e+00
-1.491847532508950813e+01
8.969108870236876641e+00
2.771968464601753279e+00
4.425620596670304607e+00
-6.738011065932440147e+00
1.972386468285500172e+01
-7.215963560874756766e+00
5.038490248814678552e+00
-3.572464731383814041e+01
3.516011934051858390e+01
2.583902509210930454e+00
1.929597001462589390e+00
-9.829838308071972008e+00
2.111566878661374957e+01
-1.260196887199910343e+01
1.005444905981153658e+00
1.180923351355453299e+01
-6.888315047135364466e+00
1.015559086715863124e+01
-1.237711180667711552e+01
2.442917329483976019e+01
-7.799707735610462045e+00
-1.666143903634131007e+01
4.334043205695908796e+01
1.114002420820522588e+01
1.003507735947770563e+01
-4.890568257775019134e+01
1.285513237979794177e+01
5.304302039826581705e+01
-5.485672426694605264e+01
3.320441878819694637e+01
2.229348461669697556e+01
-6.386092249512867802e+00
-1.900618654436404142e+01
1.534052429142467666e+01
-3.676653421030772417e+00
1.296746959063713156e+01
6.550995462992021068e+00
-4.721776917413381014e+00
1.176310376411204572e+01
-9.277973120848910238e-01
3.949578871196602226e+00
1.105325811708669370e+01
-9.239933566195043468e+00
1.324413485757774733e+00
1.592282144678073941e+01
1.518221865825068662e+01
-3.976822864334656771e+01
-5.063276089530461377e+00
3.973212137338106231e+01
-4.069036484672436949e+00
-3.061695595016809435e+00
2.276679305022504707e+01
-2.510188341543573998e+01
3.046500337533818659e+00
-6.839093272217303898e+00
1.747793013215240165e+01
-6.178757197318788252e-01
6.948846131106424018e+00
-1.303444510952287949e+01
3.851291144805529143e+01
5.432698820154462815e+00
1.043249002427656968e+01
-9.461827337220243805e+01
4.368260194621910841e+01
-5.019484022024878556e+01
3.036104557877542902e+02
-2.970542171575609700e+02
6.059282128870625428e+01
-2.235686865886137866e+02
4.940600913586734464e+02
1.655475538769495927e+02
-3.097106719425430015e+02
-3.547170643967268120e+02
4.806092309860409841e+02
3.782143407787898468e+02
-5.588458687740229607e+02
2.965387215192398429e+01
-4.253057442501024070e+02
6.938519907494152221e+02
-9.801293674420544448e+02
3.051627839202269570e+02
-1.886585355720509583e+01
-4.083988409092048855e+00
-3.505919862603785191e+02
8.620259095834283869e+01
-7.183058223497016570e+01
1.387386408348691873e+02
-9.263974265564658594e+01
2.456866133969748844e+01
-9.800198837534050256e+01
8.543905536337115336e+01
5.111066323783082233e+00
1.387545626872169535e+00
-8.190678010532784015e+01
7.331777436347346111e+01
-1.594482769307188130e+00
1.753200104520208669e+01
-2.892150753181089584e+01
-4.541256261977026476e+00
5.191636569273850199e+01
-1.828480757938076451e+01
3.016384166302374936e+01
-1.389089884679513709e+01
2.286825549503018351e+01
1.207313096657470775e+00
-1.908755698622946362e+00
6.473404154792195442e+00
1.243062390648697946e+00
8.978318668380326883e+00
2.248662859487049470e+00
6.353848989471249986e+00
-1.246202770116617664e+01
9.145495311512002345e+00
2.478935681775521260e+01
-2.040656612314821317e+01
-3.074345069831660116e+00
-1.505759149814704378e-01
2.090948075788271510e+01
-8.366267968892715956e+00
3.110052793194374221e+00
2.662123138289348390e+01
5.603019082570912524e+00
-2.005520299697735265e+00
2.512846476984281097e+00
7.869149412644964592e+00
-2.174197094724356738e+00
-2.298061089201254248e+01
1.315174626642695088e+01
3.592830477332779537e+01
-1.299364563659895389e+01
-8.226799024817157147e+01
9.618121569129830561e+01
-2.747431675427456454e+01
1.871330595721916978e+01
-5.447438530358425623e+01
7.188632757464684175e+01
-1.761460524370680787e+02
5.697982858402295392e+01
6.593576914061804928e+01
-4.919778830464684916e+01
1.249282564814825491e+02
-9.978529012048116442e+01
-4.523991572649283199e+00
3.798819608846696383e+02
-3.851843273503014302e+02
-2.598906690243835556e+02
-5.220794114390735103e+02
8.321236142432070437e+02
-3.536239769857202475e+01
-3.403518324781312572e+02
-6.271203726281908786e+01
2.896244463138442597e+02
5.099800937353099783e+01
-1.543206361754471629e+02
-4.920899794175693387e+01
1.603783478982472843e+02
6.926725883330774991e+01
1.027367879114033755e+01
-2.167933009077183328e+02
6.637457691058564251e+02
-7.417811445782890587e+02
2.659416440547220645e+03
-2.489367209026251658e+03
1.077319643263672617e+02
6.266787287230833954e+02
-9.744500902800696167e+02
3.203309263119539310e+02
-8.403834745606807246e+02
1.169437988094933417e+03
-5.276569892625251441e+02
7.369461412380750289e+02
-2.268390383331870055e+02
-2.500624680946215506e+02
6.728009246319009762e+00
4.015883985153050730e+02
-1.525357762498672116e+02
-1.524029268362880316e+02
-8.753050423526980595e+00
2.898090460095020262e+02
-8.626167912038724239e+01
4.521369244796171216e+01
2.226861232507734201e+01
1.165281308103595137e+01
-4.372533277064530921e+01
4.750828352445357616e+00
5.922884516437293456e+01
-2.231051201909940218e+01
9.045126533206310881e+00
-1.518599885787572656e+00
5.764881298075955129e+01
-4.227677260579206120e+01
7.803213882223360542e+00
-1.266015127576763177e+01
1.985932939557394050e+01
