-5.375221234144905935e+00
-2.571392896414840479e+00
1.264253372379798712e+01
8.316452268027111572e+00
-3.275554344102489779e+01
-1.275756635620251345e+01
6.936504858921757943e+01
-1.965173931558239673e+01
2.452642221771480280e+00
-5.874373241794433653e+00
2.644948156155409080e+01
-1.396474191532343134e+01
2.813325902618087238e+00
-1.487958288790716388e+01
2.845515472429722337e+01
3.028275738784160231e-01
-6.877290766023023971e-02
-2.918807166779059159e+01
2.883568037742173829e+01
4.336163243299422021e+01
-3.016443575983802816e+01
-2.467948305726223879e+01
-1.164703533154928472e+01
7.603072078677887191e+01
-9.529943156269860083e+01
1.810940101961346116e+01
4.322922754403884404e+00
3.573685365880102660e-01
-3.500410002268726828e+01
4.798986546518047902e+00
7.432556546120946628e+00
4.661724711753208794e+00
