1.218368698103738098e+11
-3.915661948542739868e+10
1.774137382223016357e+10
-2.192339778103300571e+09
-7.396677207793673515e+09
6.727350920792490005e+09
7.064858283191754341e+09
-1.247174091945573044e+10
5.107000742079538345e+09
-1.802051767896732712e+10
1.833465082631536865e+10
-4.020864629934480286e+10
8.857117532735873413e+10
-5.241013586413680267e+10
3.184139568216265259e+11
-6.887699558827548218e+10
-1.941294330714013367e+11
1.287910380929408646e+10
8.682438390388171387e+10
-2.285318738575109863e+10
1.590248278177575111e+09
-5.413613219412139130e+10
5.191001488341721344e+10
-1.863509066750611115e+10
3.304004243773941040e+09
-4.846751589430449486e+09
7.082137039385156631e+09
-1.413535177957613373e+10
4.423551175122911835e+10
-1.700595349934999847e+10
4.739504033735118866e+09
-9.985059209624208450e+09
1.705699202447761726e+10
-1.134581881348081350e+09
1.112200450748368073e+10
-1.353849877990371895e+10
-8.453969417802662849e+09
4.972122935988324165e+09
1.609031139248679161e+10
2.941993748160136700e+09
-1.079254213116479301e+10
9.961094374183481216e+09
4.675014997453256607e+09
-9.199930191013996124e+09
2.651140493430929184e+09
2.227354790562939167e+09
2.712592598576996326e+09
-6.144610745277008057e+09
2.520946551952275753e+09
-1.522704782381764650e+09
1.094374136248948097e+09
-2.891603706945365429e+09
2.340541108960093498e+09
-1.616888422466509342e+09
1.149478083633535385e+09
-5.121644544955189824e+08
1.757509520801274538e+09
-1.207134559965053558e+09
-6.184689953220784664e+08
4.784792746634764075e+08
1.855136624982486248e+09
-2.918647466955989599e+08
-2.341365844928693295e+09
2.906408915412070751e+09
-4.691659253175873756e+08
-3.322372840618046761e+09
-9.942501269951986074e+08
2.258431348576555252e+09
3.290185888619084358e+09
-3.240666763184221745e+09
-7.237592813812657595e+08
3.258614170748769641e+08
3.251501483840023518e+09
-7.750361776682697535e+08
-6.849113577677929401e+08
-2.661054493146407604e+09
3.776690718128728867e+09
-5.012266689986056685e+08
-4.374830498621880412e+08
1.859394262012192905e+08
6.469505045846427679e+08
-3.422083911413443685e+08
-8.075468296096444130e+07
-1.945557430767761767e+08
5.272111601593784094e+08
-2.664281273899070263e+09
3.342939311489639282e+09
-8.947801262080224752e+08
-2.591728085242656708e+09
1.192982868115514368e+08
3.716049543470875263e+09
-4.752140411788501143e+08
-2.985478160427215576e+09
7.424621212561874390e+08
1.674999663460053921e+09
6.738990845748444796e+08
-9.071985630062370300e+08
-1.724157904907962084e+09
2.145508328359598160e+09
2.985992459371776104e+09
8.779899139381623268e+08
-4.225781385633621693e+09
1.273775417381399345e+10
-9.169959668863096237e+09
-2.404571626493711948e+09
1.430569448900377512e+09
3.117393265462324142e+09
8.660892002389612198e+08
-5.143843706552364349e+09
-7.451920154810447693e+09
8.267053596492809296e+09
-5.488191409078063011e+09
3.035745988413552284e+09
-1.934704294632353544e+09
3.013459143199257851e+09
-3.198414559629182816e+09
6.257400211989694595e+09
-1.931965311470039368e+09
-7.949983212866356969e+07
1.470689469679926872e+09
1.745622431053121388e+07
-1.083700576269700050e+09
-2.182089511310287952e+09
1.947308069229986191e+09
2.773549074766343236e+08
1.494261010711313725e+09
-1.292671246195903969e+10
1.033270851290974998e+10
-7.834639966405667365e+06
1.830186873687212706e+09
-9.329944258584650040e+09
3.349830420668263912e+09
3.281455422785842419e+09
3.621983787136739731e+09
-1.662863094981086159e+10
-5.020377621319553375e+09
4.312992947861404419e+09
5.682639233454867363e+09
-1.521802988226712418e+10
-8.946010737580902100e+09
5.625505216247701645e+09
-7.932423448474346161e+09
1.951433139696327209e+10
-9.748705310740980148e+09
9.849535899288177490e+09
3.399197435286170006e+09
-3.425784183511295795e+09
-2.776135151872315407e+09
2.762700438257829189e+09
-3.486009213962020874e+09
8.093623270779781342e+09
-8.073162950335265160e+09
5.698086146420124054e+09
-1.352741970538929367e+10
6.994517029525912285e+09
1.004615773931429863e+10
1.021198006323686790e+10
-5.895418447847533417e+10
-5.113695575560830116e+09
5.338559939833420563e+10
-2.399571576178063965e+10
4.408017397453970909e+09
-2.354643928309658813e+10
2.432510233981298065e+10
-4.471315612883208466e+10
2.524571372122678375e+10
1.599390662847150612e+10
-2.396006006187124252e+10
-8.353022384276971817e+09
1.394406813477342606e+10
4.244554589769671857e+07
-1.940891360741803885e+09
9.924714233833203316e+08
-5.917613755869936943e+08
1.370182612513097048e+09
-5.764113245754537582e+08
-4.049854562314364910e+08
5.950027059878147840e+08
1.343876184567510784e+08
-2.450358618586755991e+08
1.331871497553641945e+08
-3.906383899860225618e+06
-1.056628478111204058e+08
-4.493185746011481434e+07
1.143354464624152482e+08
-3.270665894062147290e+07
2.354365672740992531e+07
-1.009636494931010753e+08
1.892145237517524958e+08
-4.156168800301300362e+06
4.684654603300914168e+07
-3.191933120314700902e+07
-6.212790494198855944e+06
3.056448322488855943e+07
6.961231769582475536e+06
-3.667711960377209634e+07
-3.010254806128873676e+07
1.030611335368635952e+08
-3.911836159640047699e+07
2.341515840420026705e+07
-1.757056406376573816e+07
1.915639990571011305e+08
-1.511758977325626314e+08
3.738850047187720984e+07
-3.958065359770485014e+07
8.607672274107980728e+07
-2.535184371300339699e+07
3.631941528934318572e+07
3.633800312185867876e+07
-1.015016583854840994e+08
1.002563518112066537e+08
-2.355798664462377131e+07
-2.786397069656808376e+08
3.660588202609256655e+07
-6.421364113485129178e+07
5.674415048154253513e+07
1.859563092467624927e+06
9.293513355961436033e+07
-5.056549736171369255e+07
-4.000253921978734434e+07
2.912663498496453166e+08
-3.854314823364515305e+08
6.021465733035389185e+08
-5.901793871267055273e+08
8.077829626068917513e+08
-7.292441295349531174e+08
-1.238804502624744892e+09
1.115339972229712307e+08
1.346517531544985473e+08
1.952178288116050065e+08
-2.824763967462244034e+08
-2.116745691066743806e+07
5.768809898810491562e+08
-3.440684771789416075e+08
-1.019823173932219148e+08
-5.162285783058365583e+08
3.684496680455551744e+08
-8.573439900960159302e+07
-1.363366850182747841e+08
9.085440431804192066e+07
-3.019475808924568817e+07
1.316090589648982435e+08
2.201814440810612962e+07
-9.656265814800636843e+06
-6.145967034287996590e+07
2.668460493116864190e+07
3.046731412469671923e+05
1.951747575884270668e+07
-2.327347548162713274e+07
-4.642248995594815351e+06
3.156092381043563783e+07
-3.692311947892656922e+07
8.460467609883187339e+06
8.023394586562545598e+07
-2.202518029080819786e+08
2.647112393308119178e+08
