1.505180949706229553e+11
-4.837435318464354706e+10
2.191781350496562576e+10
-2.708431427704644680e+09
-9.137905172659452438e+09
8.311014937419953346e+09
8.727973822272634506e+09
-1.540767328731266785e+10
6.309223339793549538e+09
-2.226266971334338760e+10
2.265075193279717636e+10
-4.967403423523622131e+10
1.094214304729836578e+11
-6.474783716737711334e+10
3.933707609606506958e+11
-8.509110730415046692e+10
-2.398288177219496460e+11
1.591093215541709137e+10
1.072634325030799103e+11
-2.823298263092541504e+10
1.964603505405389309e+09
-6.688014473131246948e+10
6.412998431305352020e+10
-2.302191735024224091e+10
4.081789241064131737e+09
-5.987709772581926346e+09
8.749320114406711578e+09
-1.746290942375976181e+10
5.464885112177216339e+10
-2.100927025040224457e+10
5.855215416438258171e+09
-1.233560985270761681e+10
2.107232359391075134e+10
-1.401670142389065027e+09
1.374019978438959503e+10
-1.672555318744623756e+10
-1.044409115384833527e+10
6.142594397279001236e+09
1.987807978715943527e+10
3.634559038173991680e+09
-1.333317975751359367e+10
1.230600356424948311e+10
5.775545226958875656e+09
-1.136565616620264053e+10
3.275236959091493607e+09
2.751689215177652836e+09
3.351155298903933525e+09
-7.591093805202445030e+09
3.114394478085803986e+09
-1.881159827839248657e+09
1.351997240037332058e+09
-3.572306849882753849e+09
2.891520373501561165e+09
-1.997514940828075171e+09
1.420073035705665112e+09
-6.327314441594805717e+08
2.171239197516332626e+09
-1.491302238382418633e+09
-7.640607931920675039e+08
5.911165479047437906e+08
2.291848385711588383e+09
-3.605716916625713110e+08
-2.892539271029921055e+09
3.590597320363739491e+09
-5.796107741579105854e+08
-4.104481980138985634e+09
-1.228303368074098587e+09
2.790081433145843983e+09
4.064717991484215260e+09
-4.003541730076701164e+09
-8.941371370091451406e+08
4.025714120608178973e+08
4.016927020040843487e+09
-9.574849580739067793e+08
-8.461441499664340019e+08
-3.287484797622515678e+09
4.665749366703071594e+09
-6.192188289898341894e+08
-5.404695334241201878e+08
2.297108291565442979e+08
7.992470442851581573e+08
-4.227665693572795987e+08
-9.976488505439642072e+07
-2.403554866295942366e+08
6.513202459092048407e+08
-3.291471177179492474e+09
4.129889922656651020e+09
-1.105417442848750114e+09
-3.201838475311078072e+09
1.473819117202378809e+08
4.590832839825164795e+09
-5.870826540371943712e+08
-3.688279998509607792e+09
9.172427584032785892e+08
2.069305950727329254e+09
8.325395054773353338e+08
-1.120759264032871723e+09
-2.130036374469418287e+09
2.650575544567257881e+09
3.688915344786286831e+09
1.084674695908820391e+09
-5.220558996228708267e+09
1.573630792420666695e+10
-1.132863038748451233e+10
-2.970624100837129116e+09
1.767335200772624016e+09
3.851248789941652775e+09
1.069972474040261269e+09
-6.354739418221049309e+09
-9.206152719066888809e+09
1.021317410387925529e+10
-6.780148904653916359e+09
3.750381193830236435e+09
-2.390146815978528976e+09
3.722847870088623047e+09
-3.951343045244315147e+09
7.730434673516560555e+09
-2.386763056376805782e+09
-9.821462864616844058e+07
1.816899745517016888e+09
2.156553606657930091e+07
-1.338811046096896887e+09
-2.695768155981884003e+09
2.405717591259927750e+09
3.426461416403312683e+08
1.846020146212901115e+09
-1.596974818254297829e+10
1.276509812277041435e+10
-9.678947737344574183e+06
2.261025267567684174e+09
-1.152627637651812553e+10
4.138403206516169548e+09
4.053932272017825127e+09
4.474623316616572380e+09
-2.054312338107107544e+10
-6.202208541901625633e+09
5.328300719114933014e+09
7.020371025208780289e+09
-1.880045726080048752e+10
-1.105196229970145798e+10
6.949787270699091911e+09
-9.799769691050251007e+09
2.410813726835064316e+10
-1.204361661368529510e+10
1.216818340733242035e+10
4.199391547374508858e+09
-4.232236996727897644e+09
-3.429656185861945152e+09
3.413058850723200321e+09
-4.306639418667165756e+09
9.998917053898273468e+09
-9.973640234497058868e+09
7.039454253898747444e+09
-1.671186601050951195e+10
8.641073754079944611e+09
1.241109137816460037e+10
1.261594939930916786e+10
-7.283239917288528442e+10
-6.317494182152797699e+09
6.595293141132640839e+10
-2.964446992577336884e+10
5.445694575548872948e+09
-2.908943071902462387e+10
3.005139633559107590e+10
-5.523893620358779144e+10
3.118872587674684906e+10
1.975898067463235474e+10
-2.960042062854957581e+10
-1.031938048360420609e+10
1.722659630119701385e+10
5.243751529159295559e+07
-2.397790344261957645e+09
1.226105922499560356e+09
-7.310660154402472973e+08
1.692732883227348804e+09
-7.121024579138660431e+08
-5.003217785870990157e+08
7.350703765520246029e+08
1.660233725028865039e+08
-3.027189635584529042e+08
1.645403102612000704e+08
-4.825977772910842672e+06
-1.305365976306342036e+08
-5.550912079160602391e+07
1.412507870463854671e+08
-4.040603302346854657e+07
2.908599430535143986e+07
-1.247311799703584164e+08
2.337569072827635407e+08
-5.134557002739591524e+06
5.787453546783491224e+07
-3.943336317625842988e+07
-7.675320864777161740e+06
3.775957119433122128e+07
8.599953716938309371e+06
-4.531116582016311586e+07
-3.718889681104519218e+07
1.273224364328158498e+08
-4.832709647836204618e+07
2.892724997502987087e+07
-2.170679754485351965e+07
2.366594843834820390e+08
-1.867637455167351067e+08
4.619001107329706103e+07
-4.889821395939889550e+07
1.063397783779411465e+08
-3.131984526403708383e+07
4.486925823887175322e+07
4.489222321613671631e+07
-1.253958603184345961e+08
1.238573992822821587e+08
-2.910370236162089556e+07
-3.442334509884594679e+08
4.522316147099050879e+07
-7.932998133852556348e+07
7.010211998281532526e+07
2.297316984926211648e+06
1.148127153723092079e+08
-6.246897320299546421e+07
-4.941941530154712498e+07
3.598324869067093134e+08
-4.761647529287253022e+08
7.438960883983836174e+08
-7.291117437185627222e+08
9.979407254108772278e+08
-9.009133036752358675e+08
-1.530427746699685574e+09
1.377898777921702564e+08
1.663497206853511333e+08
2.411734687168326378e+08
-3.489733167548424602e+08
-2.615046433346339315e+07
7.126829212646856308e+08
-4.250646839575081468e+08
-1.259896477660890520e+08
-6.377525090586562157e+08
4.551853534645714164e+08
-1.059169173923231512e+08
-1.684312952671977878e+08
1.122421861807511151e+08
-3.730281748819845915e+07
1.625907501611714661e+08
2.720136943003825471e+07
-1.192941926711017638e+07
-7.592770818974295259e+07
3.296634750609570742e+07
3.763970471562301973e+05
2.411201978473202139e+07
-2.875221255676736683e+07
-5.735063317356538959e+06
3.899058148221626878e+07
-4.561507573648125678e+07
1.045211838857141882e+07
9.912155985545335710e+07
-2.721005687796265483e+08
3.270260550106770992e+08
