-5.375221234144890836e+00
-2.571392896414832929e+00
1.264253372379796403e+01
8.316452268027113348e+00
-3.275554344102485516e+01
-1.275756635620254187e+01
6.936504858921755101e+01
-1.965173931558238607e+01
2.452642221771486497e+00
-5.874373241794447864e+00
2.644948156155409791e+01
-1.396474191532343845e+01
2.813325902618095675e+00
-1.487958288790715677e+01
2.845515472429723403e+01
3.028275738783420268e-01
-6.877290766022219060e-02
-2.918807166779059870e+01
2.883568037742174184e+01
4.336163243299422021e+01
-3.016443575983803882e+01
-2.467948305726223879e+01
-1.164703533154928472e+01
7.603072078677887191e+01
-9.529943156269860083e+01
1.810940101961346471e+01
4.322922754403882628e+00
3.573685365880096554e-01
-3.500410002268724696e+01
4.798986546518047902e+00
7.432556546120946628e+00
4.661724711753208794e+00
